49  Segments
Reagent,Delay,HV Width, LV Width
4,1.00000000E+0,1.00000000E-4,0.00000000E+0,
4,2.00000000E+0,1.20000000E-4,0.00000000E+0,
4,3.00000000E+0,2.00000000E-4,0.00000000E+0,
4,4.00000000E+0,1.50000000E-4,0.00000000E+0,
4,5.00000000E+0,1.30000000E-4,0.00000000E+0,
4,8.80000000E+00,9.00000000E-05,0.00000000E+0,
4,1.06000000E+01,9.00000000E-05,0.00000000E+0,
4,1.24000000E+01,9.00000000E-05,0.00000000E+0,
4,1.42000000E+01,9.00000000E-05,0.00000000E+0,
4,1.87000000E+01,8.00000000E-05,0.00000000E+0,
4,2.02000000E+01,8.00000000E-05,0.00000000E+0,
4,2.17000000E+01,8.00000000E-05,0.00000000E+0,
4,2.32000000E+01,8.00000000E-05,0.00000000E+0,
4,2.74000000E+01,7.00000000E-05,0.00000000E+0,
4,2.86000000E+01,7.00000000E-05,0.00000000E+0,
4,2.98000000E+01,7.00000000E-05,0.00000000E+0,
4,3.10000000E+01,7.00000000E-05,0.00000000E+0,
4,3.60000000E+01,9.00000000E-05,0.00000000E+0,
4,3.80000000E+01,9.00000000E-05,0.00000000E+0,
4,4.00000000E+01,9.00000000E-05,0.00000000E+0,
4,4.20000000E+01,9.00000000E-05,0.00000000E+0,
4,4.63000000E+01,8.00000000E-05,0.00000000E+0,
4,4.76000000E+01,8.00000000E-05,0.00000000E+0,
4,4.89000000E+01,8.00000000E-05,0.00000000E+0,
4,5.02000000E+01,8.00000000E-05,0.00000000E+0,
4,5.46000000E+01,1.80000000E-04,0.00000000E+0,
4,5.60000000E+01,1.80000000E-04,0.00000000E+0,
4,5.74000000E+01,1.80000000E-04,0.00000000E+0,
4,5.88000000E+01,1.80000000E-04,0.00000000E+0,
4,6.41000000E+01,1.10000000E-04,0.00000000E+0,
4,6.64000000E+01,1.10000000E-04,0.00000000E+0,
4,6.87000000E+01,1.10000000E-04,0.00000000E+0,
4,7.10000000E+01,1.10000000E-04,0.00000000E+0,
4,7.53000000E+01,1.60000000E-04,0.00000000E+0,
4,7.66000000E+01,1.60000000E-04,0.00000000E+0,
4,7.79000000E+01,1.60000000E-04,0.00000000E+0,
4,7.92000000E+01,1.60000000E-04,0.00000000E+0,
4,8.41000000E+01,1.00000000E-04,0.00000000E+0,
4,8.60000000E+01,1.00000000E-04,0.00000000E+0,
4,8.79000000E+01,1.00000000E-04,0.00000000E+0,
4,8.98000000E+01,1.00000000E-04,0.00000000E+0,
4,9.42000000E+01,7.00000000E-05,0.00000000E+0,
4,9.56000000E+01,7.00000000E-05,0.00000000E+0,
4,9.70000000E+01,7.00000000E-05,0.00000000E+0,
4,9.84000000E+01,7.00000000E-05,0.00000000E+0,
4,1.03000000E+02,8.00000000E-05,0.00000000E+0,
4,1.04600000E+02,8.00000000E-05,0.00000000E+0,
4,1.06200000E+02,8.00000000E-05,0.00000000E+0,
4,1.07800000E+02,8.00000000E-05,0.00000000E+0,
