49  Segments
Reagent,Delay,HV Width, LV Width
4,1.00000000E+0,1.00000000E-4,0.00000000E+0,
4,2.00000000E+0,1.20000000E-4,0.00000000E+0,
4,3.00000000E+0,2.00000000E-4,0.00000000E+0,
4,4.00000000E+0,1.50000000E-4,0.00000000E+0,
4,5.00000000E+0,1.30000000E-4,0.00000000E+0,
4,8.10000000E+00,1.20000000E-04,0.00000000E+0,
4,9.20000000E+00,1.20000000E-04,0.00000000E+0,
4,1.03000000E+01,1.20000000E-04,0.00000000E+0,
4,1.14000000E+01,1.20000000E-04,0.00000000E+0,
4,1.56000000E+01,7.00000000E-05,0.00000000E+0,
4,1.68000000E+01,7.00000000E-05,0.00000000E+0,
4,1.80000000E+01,7.00000000E-05,0.00000000E+0,
4,1.92000000E+01,7.00000000E-05,0.00000000E+0,
4,2.43000000E+01,8.00000000E-05,0.00000000E+0,
4,2.64000000E+01,8.00000000E-05,0.00000000E+0,
4,2.85000000E+01,8.00000000E-05,0.00000000E+0,
4,3.06000000E+01,8.00000000E-05,0.00000000E+0,
4,3.49000000E+01,1.10000000E-04,0.00000000E+0,
4,3.62000000E+01,1.10000000E-04,0.00000000E+0,
4,3.75000000E+01,1.10000000E-04,0.00000000E+0,
4,3.88000000E+01,1.10000000E-04,0.00000000E+0,
4,4.44000000E+01,7.00000000E-05,0.00000000E+0,
4,4.70000000E+01,7.00000000E-05,0.00000000E+0,
4,4.96000000E+01,7.00000000E-05,0.00000000E+0,
4,5.22000000E+01,7.00000000E-05,0.00000000E+0,
4,5.69000000E+01,1.00000000E-04,0.00000000E+0,
4,5.86000000E+01,1.00000000E-04,0.00000000E+0,
4,6.03000000E+01,1.00000000E-04,0.00000000E+0,
4,6.20000000E+01,1.00000000E-04,0.00000000E+0,
4,6.66000000E+01,9.00000000E-05,0.00000000E+0,
4,6.82000000E+01,9.00000000E-05,0.00000000E+0,
4,6.98000000E+01,9.00000000E-05,0.00000000E+0,
4,7.14000000E+01,9.00000000E-05,0.00000000E+0,
4,7.54000000E+01,1.10000000E-04,0.00000000E+0,
4,7.64000000E+01,1.10000000E-04,0.00000000E+0,
4,7.74000000E+01,1.10000000E-04,0.00000000E+0,
4,7.84000000E+01,1.10000000E-04,0.00000000E+0,
4,8.24000000E+01,8.00000000E-05,0.00000000E+0,
4,8.34000000E+01,8.00000000E-05,0.00000000E+0,
4,8.44000000E+01,8.00000000E-05,0.00000000E+0,
4,8.54000000E+01,8.00000000E-05,0.00000000E+0,
4,8.94000000E+01,7.00000000E-05,0.00000000E+0,
4,9.04000000E+01,7.00000000E-05,0.00000000E+0,
4,9.14000000E+01,7.00000000E-05,0.00000000E+0,
4,9.24000000E+01,7.00000000E-05,0.00000000E+0,
4,9.64000000E+01,1.30000000E-04,0.00000000E+0,
4,9.74000000E+01,1.30000000E-04,0.00000000E+0,
4,9.84000000E+01,1.30000000E-04,0.00000000E+0,
4,9.94000000E+01,1.30000000E-04,0.00000000E+0,
