45  Segments
Reagent,Delay,HV Width, LV Width
4,1.00000000E+0,1.00000000E-4,0.00000000E+0,
4,2.00000000E+0,1.20000000E-4,0.00000000E+0,
4,3.00000000E+0,2.00000000E-4,0.00000000E+0,
4,4.00000000E+0,1.50000000E-4,0.00000000E+0,
4,5.00000000E+0,1.30000000E-4,0.00000000E+0,
4,8.00000000E+00,7.00000000E-05,0.00000000E+0,
4,9.00000000E+00,7.00000000E-05,0.00000000E+0,
4,1.00000000E+01,7.00000000E-05,0.00000000E+0,
4,1.10000000E+01,7.00000000E-05,0.00000000E+0,
4,1.50000000E+01,1.40000000E-04,0.00000000E+0,
4,1.60000000E+01,1.40000000E-04,0.00000000E+0,
4,1.70000000E+01,1.40000000E-04,0.00000000E+0,
4,1.80000000E+01,1.40000000E-04,0.00000000E+0,
4,2.20000000E+01,1.10000000E-04,0.00000000E+0,
4,2.30000000E+01,1.10000000E-04,0.00000000E+0,
4,2.40000000E+01,1.10000000E-04,0.00000000E+0,
4,2.50000000E+01,1.10000000E-04,0.00000000E+0,
4,2.94000000E+01,9.00000000E-05,0.00000000E+0,
4,3.08000000E+01,9.00000000E-05,0.00000000E+0,
4,3.22000000E+01,9.00000000E-05,0.00000000E+0,
4,3.36000000E+01,9.00000000E-05,0.00000000E+0,
4,3.79000000E+01,8.00000000E-05,0.00000000E+0,
4,3.92000000E+01,8.00000000E-05,0.00000000E+0,
4,4.05000000E+01,8.00000000E-05,0.00000000E+0,
4,4.18000000E+01,8.00000000E-05,0.00000000E+0,
4,4.61000000E+01,9.00000000E-05,0.00000000E+0,
4,4.74000000E+01,9.00000000E-05,0.00000000E+0,
4,4.87000000E+01,9.00000000E-05,0.00000000E+0,
4,5.00000000E+01,9.00000000E-05,0.00000000E+0,
4,5.58000000E+01,1.40000000E-04,0.00000000E+0,
4,5.86000000E+01,1.40000000E-04,0.00000000E+0,
4,6.14000000E+01,1.40000000E-04,0.00000000E+0,
4,6.42000000E+01,1.40000000E-04,0.00000000E+0,
4,6.88000000E+01,1.20000000E-04,0.00000000E+0,
4,7.04000000E+01,1.20000000E-04,0.00000000E+0,
4,7.20000000E+01,1.20000000E-04,0.00000000E+0,
4,7.36000000E+01,1.20000000E-04,0.00000000E+0,
4,7.88000000E+01,1.50000000E-04,0.00000000E+0,
4,8.10000000E+01,1.50000000E-04,0.00000000E+0,
4,8.32000000E+01,1.50000000E-04,0.00000000E+0,
4,8.54000000E+01,1.50000000E-04,0.00000000E+0,
4,9.05000000E+01,1.60000000E-04,0.00000000E+0,
4,9.26000000E+01,1.60000000E-04,0.00000000E+0,
4,9.47000000E+01,1.60000000E-04,0.00000000E+0,
4,9.68000000E+01,1.60000000E-04,0.00000000E+0,
