45  Segments
Reagent,Delay,HV Width, LV Width
4,1.00000000E+0,1.00000000E-4,0.00000000E+0,
4,2.00000000E+0,1.20000000E-4,0.00000000E+0,
4,3.00000000E+0,2.00000000E-4,0.00000000E+0,
4,4.00000000E+0,1.50000000E-4,0.00000000E+0,
4,5.00000000E+0,1.30000000E-4,0.00000000E+0,
4,8.00000000E+00,1.10000000E-04,0.00000000E+0,
4,9.00000000E+00,1.10000000E-04,0.00000000E+0,
4,1.00000000E+01,1.10000000E-04,0.00000000E+0,
4,1.10000000E+01,1.10000000E-04,0.00000000E+0,
4,1.60000000E+01,1.10000000E-04,0.00000000E+0,
4,1.80000000E+01,1.10000000E-04,0.00000000E+0,
4,2.00000000E+01,1.10000000E-04,0.00000000E+0,
4,2.20000000E+01,1.10000000E-04,0.00000000E+0,
4,2.64000000E+01,9.00000000E-05,0.00000000E+0,
4,2.78000000E+01,9.00000000E-05,0.00000000E+0,
4,2.92000000E+01,9.00000000E-05,0.00000000E+0,
4,3.06000000E+01,9.00000000E-05,0.00000000E+0,
4,3.48000000E+01,1.20000000E-04,0.00000000E+0,
4,3.60000000E+01,1.20000000E-04,0.00000000E+0,
4,3.72000000E+01,1.20000000E-04,0.00000000E+0,
4,3.84000000E+01,1.20000000E-04,0.00000000E+0,
4,4.24000000E+01,1.20000000E-04,0.00000000E+0,
4,4.34000000E+01,1.20000000E-04,0.00000000E+0,
4,4.44000000E+01,1.20000000E-04,0.00000000E+0,
4,4.54000000E+01,1.20000000E-04,0.00000000E+0,
4,5.05000000E+01,1.30000000E-04,0.00000000E+0,
4,5.26000000E+01,1.30000000E-04,0.00000000E+0,
4,5.47000000E+01,1.30000000E-04,0.00000000E+0,
4,5.68000000E+01,1.30000000E-04,0.00000000E+0,
4,6.11000000E+01,1.20000000E-04,0.00000000E+0,
4,6.24000000E+01,1.20000000E-04,0.00000000E+0,
4,6.37000000E+01,1.20000000E-04,0.00000000E+0,
4,6.50000000E+01,1.20000000E-04,0.00000000E+0,
4,6.90000000E+01,1.10000000E-04,0.00000000E+0,
4,7.00000000E+01,1.10000000E-04,0.00000000E+0,
4,7.10000000E+01,1.10000000E-04,0.00000000E+0,
4,7.20000000E+01,1.10000000E-04,0.00000000E+0,
4,7.63000000E+01,9.00000000E-05,0.00000000E+0,
4,7.76000000E+01,9.00000000E-05,0.00000000E+0,
4,7.89000000E+01,9.00000000E-05,0.00000000E+0,
4,8.02000000E+01,9.00000000E-05,0.00000000E+0,
4,8.42000000E+01,1.80000000E-04,0.00000000E+0,
4,8.52000000E+01,1.80000000E-04,0.00000000E+0,
4,8.62000000E+01,1.80000000E-04,0.00000000E+0,
4,8.72000000E+01,1.80000000E-04,0.00000000E+0,
