CHROMATOGRAM
(+)APCI_MOP_channel4_chain_5.raw
Data points: 704
Time	Intensity
0.000197	0
0.003110	0
0.006025	0
0.008952	20
0.011948	0
0.014882	0
0.017805	0
0.020725	0
0.023642	0
0.026578	0
0.029528	0
0.032453	0
0.035368	0
0.038288	0
0.041215	0
0.044170	0
0.047085	0
0.050005	0
0.052922	0
0.055865	0
0.058802	0
0.061723	0
0.064687	0
0.067603	0
0.070517	0
0.073472	0
0.076410	29
0.079333	0
0.082250	0
0.085180	0
0.088103	0
0.091028	0
0.093940	0
0.096848	0
0.099812	0
0.102773	0
0.105688	0
0.108613	0
0.111538	0
0.114458	35
0.117368	0
0.120298	0
0.123238	0
0.126165	0
0.129090	0
0.132003	0
0.135007	0
0.137930	0
0.140857	0
0.143773	0
0.146677	0
0.149583	0
0.152482	0
0.155395	25304
0.158307	27830
0.161222	14979
0.164195	7603
0.167118	4891
0.170080	2010
0.173007	78731
0.175925	38533
0.178842	19454
0.181762	12161
0.184690	5207
0.187600	2828
0.190528	168605
0.193490	87474
0.196418	44378
0.199352	26781
0.202273	14257
0.205233	58224
0.208148	101618
0.211058	51973
0.213967	25334
0.216880	14402
0.219810	7214
0.222785	104502
0.225693	60587
0.228603	29964
0.231528	14772
0.234447	8803
0.237385	4938
0.240338	2231
0.243247	1426
0.246167	919
0.249082	351
0.252050	171
0.254955	56
0.257875	30
0.260793	83
0.263710	0
0.266650	0
0.269572	0
0.272488	0
0.275455	48
0.278375	0
0.281302	0
0.284288	51
0.287210	25376
0.290132	13551
0.293040	7385
0.295958	3458
0.298878	2088
0.301785	894
0.304693	618
0.307605	304
0.310575	38
0.313497	67
0.316463	30285
0.319380	17312
0.322310	7571
0.325248	4113
0.328157	1719
0.331083	1177
0.333992	651
0.336915	501
0.339828	131
0.342742	113
0.345738	27996
0.348662	16014
0.351590	8830
0.354508	4379
0.357457	3053
0.360385	1144
0.363322	511
0.366242	337
0.369162	296
0.372085	59
0.375043	6766
0.377972	19909
0.380942	9931
0.383853	5541
0.386772	3221
0.389707	1439
0.392637	804
0.395555	372
0.398478	88
0.401393	66
0.404313	34
0.407278	0
0.410190	27
0.413102	96
0.416050	0
0.418965	56
0.421892	0
0.424813	0
0.427733	0
0.430645	0
0.433623	0
0.436532	0
0.439442	0
0.442360	44
0.445273	0
0.448187	0
0.451127	18551
0.454058	9189
0.456977	5061
0.459895	2530
0.462862	1129
0.465770	685
0.468700	213
0.471623	398
0.474543	104
0.477473	13810
0.480398	7666
0.483330	3184
0.486283	1697
0.489193	681
0.492108	301
0.495063	187
0.497995	93
0.500912	15207
0.503817	10042
0.506748	5104
0.509665	2926
0.512587	1258
0.515515	968
0.518427	392
0.521435	0
0.524360	84
0.527275	14149
0.530215	7126
0.533140	3442
0.536067	1937
0.538993	1138
0.541915	561
0.544852	326
0.547788	109
0.550792	68
0.553713	72
0.556668	0
0.559580	45
0.562497	8
0.565428	44
0.568357	0
0.571272	0
0.574200	34
0.577127	48
0.580090	0
0.583000	0
0.585923	0
0.588847	0
0.591807	0
0.594738	76
0.597658	6701
0.600588	3259
0.603522	1565
0.606445	629
0.609422	338
0.612347	158
0.615277	3655
0.618187	6195
0.621113	3435
0.624030	1259
0.626995	695
0.629905	508
0.632830	154
0.635743	8090
0.638708	5346
0.641633	2459
0.644548	1486
0.647460	909
0.650377	365
0.653317	152
0.656237	8688
0.659160	4456
0.662112	2376
0.665028	1239
0.667953	762
0.670873	209
0.673830	80
0.676745	72
0.679662	0
0.682568	33
0.685507	0
0.688420	0
0.691338	0
0.694250	0
0.697203	0
0.700138	0
0.703112	0
0.706045	0
0.708955	67
0.711862	0
0.714788	0
0.717720	55
0.720640	0
0.723543	0
0.726465	0
0.729385	0
0.732345	0
0.735307	0
0.738225	2029
0.741140	20329
0.744062	10132
0.746993	5439
0.749928	2653
0.752863	1528
0.755777	739
0.758690	448
0.761613	187
0.764575	171
0.767530	41
0.770448	0
0.773353	28305
0.776277	14695
0.779193	7064
0.782132	3524
0.785057	1509
0.787972	1021
0.790870	538
0.793785	364
0.796735	68
0.799648	0
0.802607	0
0.805520	19622
0.808442	18497
0.811367	9788
0.814278	5162
0.817197	2758
0.820128	1444
0.823052	776
0.826013	286
0.828938	179
0.831853	138
0.834768	114
0.837720	36
0.840640	22728
0.843558	13085
0.846492	5844
0.849412	2662
0.852325	2440
0.855297	750
0.858212	425
0.861147	254
0.864068	148
0.866978	45
0.869915	0
0.872880	0
0.875805	0
0.878723	0
0.881695	0
0.884627	0
0.887538	0
0.890453	40
0.893367	0
0.896297	0
0.899233	0
0.902150	54
0.905065	28
0.908020	0
0.910953	14910
0.913887	9619
0.916857	5495
0.919763	2487
0.922687	1499
0.925602	926
0.928563	540
0.931490	1387
0.934412	11475
0.937338	6587
0.940248	3196
0.943210	1376
0.946168	1118
0.949092	454
0.952008	192
0.954942	16904
0.957872	8166
0.960775	4906
0.963687	1974
0.966608	854
0.969558	613
0.972492	344
0.975477	11581
0.978435	10391
0.981340	6045
0.984255	2649
0.987192	1512
0.990112	816
0.993040	407
0.995968	136
0.998880	225
1.001810	48
1.004753	89
1.007673	0
1.010588	90
1.013548	0
1.016487	0
1.019397	22
1.022322	0
1.025248	74
1.028160	0
1.031127	0
1.034048	0
1.036980	0
1.039890	31
1.042807	0
1.045730	0
1.048680	92875
1.051597	108900
1.054525	57884
1.057442	32562
1.060425	18051
1.063330	8954
1.066263	4089
1.069188	2271
1.072107	112313
1.075018	109698
1.077950	57968
1.080870	36181
1.083827	17220
1.086740	8516
1.089657	4589
1.092643	2070
1.095555	130541
1.098468	107259
1.101392	57105
1.104313	30781
1.107240	15644
1.110158	8278
1.113078	4579
1.116083	2444
1.119088	149522
1.121998	99886
1.124930	50559
1.127862	29374
1.130783	15063
1.133707	8138
1.136632	4101
1.139555	2063
1.142472	1350
1.145387	835
1.148312	233
1.151278	162
1.154232	45
1.157150	0
1.160057	0
1.162963	62
1.165885	0
1.168820	50
1.171750	0
1.174670	106
1.177627	0
1.180548	47
1.183470	0
1.186400	0
1.189357	0
1.192267	0
1.195187	0
1.198112	52
1.201027	32
1.203950	48
1.206863	21074
1.209832	42702
1.212758	22165
1.215675	10768
1.218605	4893
1.221515	2757
1.224463	1648
1.227412	813
1.230343	358
1.233253	220
1.236172	197
1.239128	74
1.242060	68
1.244980	8340
1.247898	38996
1.250820	19723
1.253745	11202
1.256692	5807
1.259643	3043
1.262568	1936
1.265540	1140
1.268457	589
1.271390	138
1.274312	0
1.277227	95
1.280158	0
1.283083	1946
1.286022	42801
1.288928	25741
1.291838	11467
1.294853	6334
1.297768	3119
1.300703	2284
1.303627	770
1.306558	426
1.309477	172
1.312388	103
1.315315	28
1.318245	0
1.321160	0
1.324110	53478
1.327022	24758
1.329985	12466
1.332908	5984
1.335823	3883
1.338737	2172
1.341662	954
1.344578	684
1.347483	362
1.350415	203
1.353380	42
1.356298	123
1.359227	31
1.362132	89
1.365087	0
1.368008	0
1.370915	0
1.373820	36
1.376728	0
1.379665	0
1.382622	0
1.385532	0
1.388450	0
1.391360	0
1.394300	138860
1.397220	82749
1.400170	43219
1.403083	23392
1.405997	11702
1.408932	6666
1.411860	3501
1.414850	10156
1.417765	102649
1.420713	58476
1.423628	29621
1.426552	16668
1.429472	7681
1.432392	4267
1.435333	2138
1.438257	134013
1.441170	74027
1.444142	39880
1.447063	21793
1.450083	10846
1.453013	5114
1.455952	2460
1.458870	110180
1.461782	90012
1.464723	47320
1.467640	25916
1.470602	12125
1.473582	6706
1.476517	2868
1.479435	2103
1.482360	1120
1.485283	712
1.488195	406
1.491118	290
1.494043	0
1.496958	79
1.499890	48
1.502812	50
1.505807	0
1.508720	0
1.511642	0
1.514557	0
1.517475	40
1.520383	0
1.523310	0
1.526240	40
1.529165	0
1.532087	0
1.535050	0
1.537985	0
1.540948	43626
1.543862	25822
1.546785	11140
1.549722	7603
1.552648	3579
1.555580	1799
1.558497	1141
1.561408	720
1.564378	236
1.567292	124
1.570222	78
1.573148	45055
1.576102	23672
1.579012	11031
1.581938	5276
1.584880	3967
1.587793	1130
1.590770	609
1.593690	597
1.596622	222
1.599547	77
1.602485	113
1.605395	36001
1.608323	20121
1.611285	9414
1.614225	5216
1.617150	2410
1.620100	1396
1.623018	646
1.625932	598
1.628862	293
1.631783	34
1.634705	539
1.637623	31586
1.640537	17794
1.643487	8504
1.646450	4760
1.649373	2280
1.652300	1103
1.655275	640
1.658208	224
1.661123	107
1.664055	0
1.666975	95
1.669893	0
1.672807	0
1.675720	0
1.678633	0
1.681592	0
1.684507	73
1.687465	0
1.690408	0
1.693332	0
1.696252	0
1.699167	0
1.702082	0
1.705000	0
1.707913	0
1.710822	7285
1.713783	3643
1.716758	1730
1.719683	808
1.722600	340
1.725527	343
1.728442	23
1.731345	107
1.734257	7600
1.737170	3590
1.740100	1826
1.743068	910
1.745998	646
1.748928	373
1.751883	103
1.754815	447
1.757730	6625
1.760647	3655
1.763568	1513
1.766472	813
1.769428	427
1.772342	279
1.775267	43
1.778190	766
1.781112	5562
1.784030	3997
1.786995	1662
1.789910	844
1.792830	248
1.795772	346
1.798700	272
1.801648	23
1.804583	131
1.807513	24
1.810437	0
1.813352	0
1.816257	0
1.819177	0
1.822127	0
1.825045	0
1.828002	0
1.830920	0
1.833843	0
1.836767	0
1.839697	0
1.842618	0
1.845538	0
1.848473	0
1.851405	0
1.854332	0
1.857297	13429
1.860258	7221
1.863183	3433
1.866113	1901
1.869052	997
1.871993	350
1.874908	201
1.877835	41
1.880763	45
1.883695	15322
1.886660	8397
1.889568	3955
1.892525	1881
1.895443	1474
1.898365	277
1.901273	203
1.904183	240
1.907112	126
1.910030	16183
1.912958	8958
1.915872	4602
1.918817	1951
1.921725	1132
1.924650	452
1.927622	564
1.930542	96
1.933467	123
1.936390	15687
1.939325	8502
1.942257	4999
1.945185	2180
1.948148	1341
1.951062	512
1.953997	372
1.956932	162
1.959855	0
1.962805	0
1.965727	0
1.968648	0
1.971572	0
1.974537	0
1.977448	0
1.980380	0
1.983305	0
1.986240	0
1.989152	0
1.992073	0
1.995005	0
1.997970	0
2.000903	0
2.003868	0
2.006785	0
2.009718	0
2.012635	0
2.015570	0
2.018478	0
2.021385	0
2.024300	0
2.027233	0
2.030155	57
2.033137	0
2.036055	0
2.038983	0
2.041918	0
2.044835	0
2.047752	0
2.050665	0
2.053585	0
2.056502	0
2.059420	0