45  Segments
Reagent,Delay,HV Width, LV Width
4,1.00000000E+0,1.00000000E-4,0.00000000E+0,
4,2.00000000E+0,1.20000000E-4,0.00000000E+0,
4,3.00000000E+0,2.00000000E-4,0.00000000E+0,
4,4.00000000E+0,1.50000000E-4,0.00000000E+0,
4,5.00000000E+0,1.30000000E-4,0.00000000E+0,
4,9.50000000E+00,1.40000000E-04,0.00000000E+0,
4,1.20000000E+01,1.40000000E-04,0.00000000E+0,
4,1.45000000E+01,1.40000000E-04,0.00000000E+0,
4,1.70000000E+01,1.40000000E-04,0.00000000E+0,
4,2.35000000E+01,1.30000000E-04,0.00000000E+0,
4,2.70000000E+01,1.30000000E-04,0.00000000E+0,
4,3.05000000E+01,1.30000000E-04,0.00000000E+0,
4,3.40000000E+01,1.30000000E-04,0.00000000E+0,
4,4.00000000E+01,1.80000000E-04,0.00000000E+0,
4,4.30000000E+01,1.80000000E-04,0.00000000E+0,
4,4.60000000E+01,1.80000000E-04,0.00000000E+0,
4,4.90000000E+01,1.80000000E-04,0.00000000E+0,
4,5.51000000E+01,1.30000000E-04,0.00000000E+0,
4,5.82000000E+01,1.30000000E-04,0.00000000E+0,
4,6.13000000E+01,1.30000000E-04,0.00000000E+0,
4,6.44000000E+01,1.30000000E-04,0.00000000E+0,
4,6.94000000E+01,1.20000000E-04,0.00000000E+0,
4,7.14000000E+01,1.20000000E-04,0.00000000E+0,
4,7.34000000E+01,1.20000000E-04,0.00000000E+0,
4,7.54000000E+01,1.20000000E-04,0.00000000E+0,
4,8.22000000E+01,9.00000000E-05,0.00000000E+0,
4,8.60000000E+01,9.00000000E-05,0.00000000E+0,
4,8.98000000E+01,9.00000000E-05,0.00000000E+0,
4,9.36000000E+01,9.00000000E-05,0.00000000E+0,
4,9.78000000E+01,1.20000000E-04,0.00000000E+0,
4,9.90000000E+01,1.20000000E-04,0.00000000E+0,
4,1.00200000E+02,1.20000000E-04,0.00000000E+0,
4,1.01400000E+02,1.20000000E-04,0.00000000E+0,
4,1.07600000E+02,1.80000000E-04,0.00000000E+0,
4,1.10800000E+02,1.80000000E-04,0.00000000E+0,
4,1.14000000E+02,1.80000000E-04,0.00000000E+0,
4,1.17200000E+02,1.80000000E-04,0.00000000E+0,
4,1.23400000E+02,1.40000000E-04,0.00000000E+0,
4,1.26600000E+02,1.40000000E-04,0.00000000E+0,
4,1.29800000E+02,1.40000000E-04,0.00000000E+0,
4,1.33000000E+02,1.40000000E-04,0.00000000E+0,
4,1.39400000E+02,1.60000000E-04,0.00000000E+0,
4,1.42800000E+02,1.60000000E-04,0.00000000E+0,
4,1.46200000E+02,1.60000000E-04,0.00000000E+0,
4,1.49600000E+02,1.60000000E-04,0.00000000E+0,
