53  Segments
Reagent,Delay,HV Width, LV Width
4,1.00000000E+0,1.00000000E-4,0.00000000E+0,
4,2.00000000E+0,1.20000000E-4,0.00000000E+0,
4,3.00000000E+0,2.00000000E-4,0.00000000E+0,
4,4.00000000E+0,1.50000000E-4,0.00000000E+0,
4,5.00000000E+0,1.30000000E-4,0.00000000E+0,
4,8.40000000E+00,1.10000000E-04,0.00000000E+0,
4,9.80000000E+00,1.10000000E-04,0.00000000E+0,
4,1.12000000E+01,1.10000000E-04,0.00000000E+0,
4,1.26000000E+01,1.10000000E-04,0.00000000E+0,
4,1.75000000E+01,1.20000000E-04,0.00000000E+0,
4,1.94000000E+01,1.20000000E-04,0.00000000E+0,
4,2.13000000E+01,1.20000000E-04,0.00000000E+0,
4,2.32000000E+01,1.20000000E-04,0.00000000E+0,
4,2.72000000E+01,1.10000000E-04,0.00000000E+0,
4,2.82000000E+01,1.10000000E-04,0.00000000E+0,
4,2.92000000E+01,1.10000000E-04,0.00000000E+0,
4,3.02000000E+01,1.10000000E-04,0.00000000E+0,
4,3.43000000E+01,7.00000000E-05,0.00000000E+0,
4,3.54000000E+01,7.00000000E-05,0.00000000E+0,
4,3.65000000E+01,7.00000000E-05,0.00000000E+0,
4,3.76000000E+01,7.00000000E-05,0.00000000E+0,
4,4.22000000E+01,7.00000000E-05,0.00000000E+0,
4,4.38000000E+01,7.00000000E-05,0.00000000E+0,
4,4.54000000E+01,7.00000000E-05,0.00000000E+0,
4,4.70000000E+01,7.00000000E-05,0.00000000E+0,
4,5.24000000E+01,9.00000000E-05,0.00000000E+0,
4,5.48000000E+01,9.00000000E-05,0.00000000E+0,
4,5.72000000E+01,9.00000000E-05,0.00000000E+0,
4,5.96000000E+01,9.00000000E-05,0.00000000E+0,
4,6.40000000E+01,7.00000000E-05,0.00000000E+0,
4,6.54000000E+01,7.00000000E-05,0.00000000E+0,
4,6.68000000E+01,7.00000000E-05,0.00000000E+0,
4,6.82000000E+01,7.00000000E-05,0.00000000E+0,
4,7.35000000E+01,9.00000000E-05,0.00000000E+0,
4,7.58000000E+01,9.00000000E-05,0.00000000E+0,
4,7.81000000E+01,9.00000000E-05,0.00000000E+0,
4,8.04000000E+01,9.00000000E-05,0.00000000E+0,
4,8.46000000E+01,1.70000000E-04,0.00000000E+0,
4,8.58000000E+01,1.70000000E-04,0.00000000E+0,
4,8.70000000E+01,1.70000000E-04,0.00000000E+0,
4,8.82000000E+01,1.70000000E-04,0.00000000E+0,
4,9.35000000E+01,1.40000000E-04,0.00000000E+0,
4,9.58000000E+01,1.40000000E-04,0.00000000E+0,
4,9.81000000E+01,1.40000000E-04,0.00000000E+0,
4,1.00400000E+02,1.40000000E-04,0.00000000E+0,
4,1.05300000E+02,1.00000000E-04,0.00000000E+0,
4,1.07200000E+02,1.00000000E-04,0.00000000E+0,
4,1.09100000E+02,1.00000000E-04,0.00000000E+0,
4,1.11000000E+02,1.00000000E-04,0.00000000E+0,
4,1.16400000E+02,1.00000000E-04,0.00000000E+0,
4,1.18800000E+02,1.00000000E-04,0.00000000E+0,
4,1.21200000E+02,1.00000000E-04,0.00000000E+0,
4,1.23600000E+02,1.00000000E-04,0.00000000E+0,
