41  Segments
Reagent,Delay,HV Width, LV Width
4,1.00000000E+0,1.00000000E-4,0.00000000E+0,
4,2.00000000E+0,1.20000000E-4,0.00000000E+0,
4,3.00000000E+0,2.00000000E-4,0.00000000E+0,
4,4.00000000E+0,1.50000000E-4,0.00000000E+0,
4,5.00000000E+0,1.30000000E-4,0.00000000E+0,
4,9.60000000E+00,1.30000000E-04,0.00000000E+0,
4,1.22000000E+01,1.30000000E-04,0.00000000E+0,
4,1.48000000E+01,1.30000000E-04,0.00000000E+0,
4,1.74000000E+01,1.30000000E-04,0.00000000E+0,
4,2.26000000E+01,1.10000000E-04,0.00000000E+0,
4,2.48000000E+01,1.10000000E-04,0.00000000E+0,
4,2.70000000E+01,1.10000000E-04,0.00000000E+0,
4,2.92000000E+01,1.10000000E-04,0.00000000E+0,
4,3.32000000E+01,1.50000000E-04,0.00000000E+0,
4,3.42000000E+01,1.50000000E-04,0.00000000E+0,
4,3.52000000E+01,1.50000000E-04,0.00000000E+0,
4,3.62000000E+01,1.50000000E-04,0.00000000E+0,
4,4.08000000E+01,1.20000000E-04,0.00000000E+0,
4,4.24000000E+01,1.20000000E-04,0.00000000E+0,
4,4.40000000E+01,1.20000000E-04,0.00000000E+0,
4,4.56000000E+01,1.20000000E-04,0.00000000E+0,
4,5.01000000E+01,1.10000000E-04,0.00000000E+0,
4,5.16000000E+01,1.10000000E-04,0.00000000E+0,
4,5.31000000E+01,1.10000000E-04,0.00000000E+0,
4,5.46000000E+01,1.10000000E-04,0.00000000E+0,
4,5.93000000E+01,1.50000000E-04,0.00000000E+0,
4,6.10000000E+01,1.50000000E-04,0.00000000E+0,
4,6.27000000E+01,1.50000000E-04,0.00000000E+0,
4,6.44000000E+01,1.50000000E-04,0.00000000E+0,
4,6.93000000E+01,1.10000000E-04,0.00000000E+0,
4,7.12000000E+01,1.10000000E-04,0.00000000E+0,
4,7.31000000E+01,1.10000000E-04,0.00000000E+0,
4,7.50000000E+01,1.10000000E-04,0.00000000E+0,
4,7.97000000E+01,1.00000000E-04,0.00000000E+0,
4,8.14000000E+01,1.00000000E-04,0.00000000E+0,
4,8.31000000E+01,1.00000000E-04,0.00000000E+0,
4,8.48000000E+01,1.00000000E-04,0.00000000E+0,
4,8.98000000E+01,7.00000000E-05,0.00000000E+0,
4,9.18000000E+01,7.00000000E-05,0.00000000E+0,
4,9.38000000E+01,7.00000000E-05,0.00000000E+0,
4,9.58000000E+01,7.00000000E-05,0.00000000E+0,
