37  Segments
Reagent,Delay,HV Width, LV Width
4,1.00000000E+0,1.00000000E-4,0.00000000E+0,
4,2.00000000E+0,1.20000000E-4,0.00000000E+0,
4,3.00000000E+0,2.00000000E-4,0.00000000E+0,
4,4.00000000E+0,1.50000000E-4,0.00000000E+0,
4,5.00000000E+0,1.30000000E-4,0.00000000E+0,
4,8.90000000E+00,1.10000000E-04,0.00000000E+0,
4,1.08000000E+01,1.10000000E-04,0.00000000E+0,
4,1.27000000E+01,1.10000000E-04,0.00000000E+0,
4,1.46000000E+01,1.10000000E-04,0.00000000E+0,
4,2.00000000E+01,1.30000000E-04,0.00000000E+0,
4,2.24000000E+01,1.30000000E-04,0.00000000E+0,
4,2.48000000E+01,1.30000000E-04,0.00000000E+0,
4,2.72000000E+01,1.30000000E-04,0.00000000E+0,
4,3.17000000E+01,1.40000000E-04,0.00000000E+0,
4,3.32000000E+01,1.40000000E-04,0.00000000E+0,
4,3.47000000E+01,1.40000000E-04,0.00000000E+0,
4,3.62000000E+01,1.40000000E-04,0.00000000E+0,
4,4.06000000E+01,1.40000000E-04,0.00000000E+0,
4,4.20000000E+01,1.40000000E-04,0.00000000E+0,
4,4.34000000E+01,1.40000000E-04,0.00000000E+0,
4,4.48000000E+01,1.40000000E-04,0.00000000E+0,
4,4.94000000E+01,1.10000000E-04,0.00000000E+0,
4,5.10000000E+01,1.10000000E-04,0.00000000E+0,
4,5.26000000E+01,1.10000000E-04,0.00000000E+0,
4,5.42000000E+01,1.10000000E-04,0.00000000E+0,
4,5.87000000E+01,1.10000000E-04,0.00000000E+0,
4,6.02000000E+01,1.10000000E-04,0.00000000E+0,
4,6.17000000E+01,1.10000000E-04,0.00000000E+0,
4,6.32000000E+01,1.10000000E-04,0.00000000E+0,
4,6.75000000E+01,7.00000000E-05,0.00000000E+0,
4,6.88000000E+01,7.00000000E-05,0.00000000E+0,
4,7.01000000E+01,7.00000000E-05,0.00000000E+0,
4,7.14000000E+01,7.00000000E-05,0.00000000E+0,
4,7.61000000E+01,1.80000000E-04,0.00000000E+0,
4,7.78000000E+01,1.80000000E-04,0.00000000E+0,
4,7.95000000E+01,1.80000000E-04,0.00000000E+0,
4,8.12000000E+01,1.80000000E-04,0.00000000E+0,
