57  Segments
Reagent,Delay,HV Width, LV Width
4,1.00000000E+0,1.00000000E-4,0.00000000E+0,
4,2.00000000E+0,1.20000000E-4,0.00000000E+0,
4,3.00000000E+0,2.00000000E-4,0.00000000E+0,
4,4.00000000E+0,1.50000000E-4,0.00000000E+0,
4,5.00000000E+0,1.30000000E-4,0.00000000E+0,
4,9.50000000E+00,1.30000000E-04,0.00000000E+0,
4,1.20000000E+01,1.30000000E-04,0.00000000E+0,
4,1.45000000E+01,1.30000000E-04,0.00000000E+0,
4,1.70000000E+01,1.30000000E-04,0.00000000E+0,
4,2.20000000E+01,1.50000000E-04,0.00000000E+0,
4,2.40000000E+01,1.50000000E-04,0.00000000E+0,
4,2.60000000E+01,1.50000000E-04,0.00000000E+0,
4,2.80000000E+01,1.50000000E-04,0.00000000E+0,
4,3.23000000E+01,1.10000000E-04,0.00000000E+0,
4,3.36000000E+01,1.10000000E-04,0.00000000E+0,
4,3.49000000E+01,1.10000000E-04,0.00000000E+0,
4,3.62000000E+01,1.10000000E-04,0.00000000E+0,
4,4.02000000E+01,1.80000000E-04,0.00000000E+0,
4,4.12000000E+01,1.80000000E-04,0.00000000E+0,
4,4.22000000E+01,1.80000000E-04,0.00000000E+0,
4,4.32000000E+01,1.80000000E-04,0.00000000E+0,
4,4.72000000E+01,1.30000000E-04,0.00000000E+0,
4,4.82000000E+01,1.30000000E-04,0.00000000E+0,
4,4.92000000E+01,1.30000000E-04,0.00000000E+0,
4,5.02000000E+01,1.30000000E-04,0.00000000E+0,
4,5.42000000E+01,1.00000000E-04,0.00000000E+0,
4,5.52000000E+01,1.00000000E-04,0.00000000E+0,
4,5.62000000E+01,1.00000000E-04,0.00000000E+0,
4,5.72000000E+01,1.00000000E-04,0.00000000E+0,
4,6.17000000E+01,1.40000000E-04,0.00000000E+0,
4,6.32000000E+01,1.40000000E-04,0.00000000E+0,
4,6.47000000E+01,1.40000000E-04,0.00000000E+0,
4,6.62000000E+01,1.40000000E-04,0.00000000E+0,
4,7.09000000E+01,9.00000000E-05,0.00000000E+0,
4,7.26000000E+01,9.00000000E-05,0.00000000E+0,
4,7.43000000E+01,9.00000000E-05,0.00000000E+0,
4,7.60000000E+01,9.00000000E-05,0.00000000E+0,
4,8.11000000E+01,1.10000000E-04,0.00000000E+0,
4,8.32000000E+01,1.10000000E-04,0.00000000E+0,
4,8.53000000E+01,1.10000000E-04,0.00000000E+0,
4,8.74000000E+01,1.10000000E-04,0.00000000E+0,
4,9.25000000E+01,8.00000000E-05,0.00000000E+0,
4,9.46000000E+01,8.00000000E-05,0.00000000E+0,
4,9.67000000E+01,8.00000000E-05,0.00000000E+0,
4,9.88000000E+01,8.00000000E-05,0.00000000E+0,
4,1.04300000E+02,1.00000000E-04,0.00000000E+0,
4,1.06800000E+02,1.00000000E-04,0.00000000E+0,
4,1.09300000E+02,1.00000000E-04,0.00000000E+0,
4,1.11800000E+02,1.00000000E-04,0.00000000E+0,
4,1.16100000E+02,9.00000000E-05,0.00000000E+0,
4,1.17400000E+02,9.00000000E-05,0.00000000E+0,
4,1.18700000E+02,9.00000000E-05,0.00000000E+0,
4,1.20000000E+02,9.00000000E-05,0.00000000E+0,
4,1.25300000E+02,1.30000000E-04,0.00000000E+0,
4,1.27600000E+02,1.30000000E-04,0.00000000E+0,
4,1.29900000E+02,1.30000000E-04,0.00000000E+0,
4,1.32200000E+02,1.30000000E-04,0.00000000E+0,
