41  Segments
Reagent,Delay,HV Width, LV Width
4,1.00000000E+0,1.00000000E-4,0.00000000E+0,
4,2.00000000E+0,1.20000000E-4,0.00000000E+0,
4,3.00000000E+0,2.00000000E-4,0.00000000E+0,
4,4.00000000E+0,1.50000000E-4,0.00000000E+0,
4,5.00000000E+0,1.30000000E-4,0.00000000E+0,
4,8.60000000E+00,9.00000000E-05,0.00000000E+0,
4,1.02000000E+01,9.00000000E-05,0.00000000E+0,
4,1.18000000E+01,9.00000000E-05,0.00000000E+0,
4,1.34000000E+01,9.00000000E-05,0.00000000E+0,
4,1.77000000E+01,1.50000000E-04,0.00000000E+0,
4,1.90000000E+01,1.50000000E-04,0.00000000E+0,
4,2.03000000E+01,1.50000000E-04,0.00000000E+0,
4,2.16000000E+01,1.50000000E-04,0.00000000E+0,
4,2.71000000E+01,1.10000000E-04,0.00000000E+0,
4,2.96000000E+01,1.10000000E-04,0.00000000E+0,
4,3.21000000E+01,1.10000000E-04,0.00000000E+0,
4,3.46000000E+01,1.10000000E-04,0.00000000E+0,
4,3.99000000E+01,1.10000000E-04,0.00000000E+0,
4,4.22000000E+01,1.10000000E-04,0.00000000E+0,
4,4.45000000E+01,1.10000000E-04,0.00000000E+0,
4,4.68000000E+01,1.10000000E-04,0.00000000E+0,
4,5.08000000E+01,9.00000000E-05,0.00000000E+0,
4,5.18000000E+01,9.00000000E-05,0.00000000E+0,
4,5.28000000E+01,9.00000000E-05,0.00000000E+0,
4,5.38000000E+01,9.00000000E-05,0.00000000E+0,
4,5.83000000E+01,1.10000000E-04,0.00000000E+0,
4,5.98000000E+01,1.10000000E-04,0.00000000E+0,
4,6.13000000E+01,1.10000000E-04,0.00000000E+0,
4,6.28000000E+01,1.10000000E-04,0.00000000E+0,
4,6.81000000E+01,1.20000000E-04,0.00000000E+0,
4,7.04000000E+01,1.20000000E-04,0.00000000E+0,
4,7.27000000E+01,1.20000000E-04,0.00000000E+0,
4,7.50000000E+01,1.20000000E-04,0.00000000E+0,
4,8.02000000E+01,1.20000000E-04,0.00000000E+0,
4,8.24000000E+01,1.20000000E-04,0.00000000E+0,
4,8.46000000E+01,1.20000000E-04,0.00000000E+0,
4,8.68000000E+01,1.20000000E-04,0.00000000E+0,
4,9.35000000E+01,1.50000000E-04,0.00000000E+0,
4,9.72000000E+01,1.50000000E-04,0.00000000E+0,
4,1.00900000E+02,1.50000000E-04,0.00000000E+0,
4,1.04600000E+02,1.50000000E-04,0.00000000E+0,
