49  Segments
Reagent,Delay,HV Width, LV Width
4,1.00000000E+0,1.00000000E-4,0.00000000E+0,
4,2.00000000E+0,1.20000000E-4,0.00000000E+0,
4,3.00000000E+0,2.00000000E-4,0.00000000E+0,
4,4.00000000E+0,1.50000000E-4,0.00000000E+0,
4,5.00000000E+0,1.30000000E-4,0.00000000E+0,
4,8.60000000E+00,1.00000000E-04,0.00000000E+0,
4,1.02000000E+01,1.00000000E-04,0.00000000E+0,
4,1.18000000E+01,1.00000000E-04,0.00000000E+0,
4,1.34000000E+01,1.00000000E-04,0.00000000E+0,
4,1.84000000E+01,1.00000000E-04,0.00000000E+0,
4,2.04000000E+01,1.00000000E-04,0.00000000E+0,
4,2.24000000E+01,1.00000000E-04,0.00000000E+0,
4,2.44000000E+01,1.00000000E-04,0.00000000E+0,
4,2.88000000E+01,1.00000000E-04,0.00000000E+0,
4,3.02000000E+01,1.00000000E-04,0.00000000E+0,
4,3.16000000E+01,1.00000000E-04,0.00000000E+0,
4,3.30000000E+01,1.00000000E-04,0.00000000E+0,
4,3.78000000E+01,1.80000000E-04,0.00000000E+0,
4,3.96000000E+01,1.80000000E-04,0.00000000E+0,
4,4.14000000E+01,1.80000000E-04,0.00000000E+0,
4,4.32000000E+01,1.80000000E-04,0.00000000E+0,
4,4.75000000E+01,1.80000000E-04,0.00000000E+0,
4,4.88000000E+01,1.80000000E-04,0.00000000E+0,
4,5.01000000E+01,1.80000000E-04,0.00000000E+0,
4,5.14000000E+01,1.80000000E-04,0.00000000E+0,
4,5.67000000E+01,1.60000000E-04,0.00000000E+0,
4,5.90000000E+01,1.60000000E-04,0.00000000E+0,
4,6.13000000E+01,1.60000000E-04,0.00000000E+0,
4,6.36000000E+01,1.60000000E-04,0.00000000E+0,
4,6.76000000E+01,1.50000000E-04,0.00000000E+0,
4,6.86000000E+01,1.50000000E-04,0.00000000E+0,
4,6.96000000E+01,1.50000000E-04,0.00000000E+0,
4,7.06000000E+01,1.50000000E-04,0.00000000E+0,
4,7.54000000E+01,1.50000000E-04,0.00000000E+0,
4,7.72000000E+01,1.50000000E-04,0.00000000E+0,
4,7.90000000E+01,1.50000000E-04,0.00000000E+0,
4,8.08000000E+01,1.50000000E-04,0.00000000E+0,
4,8.70000000E+01,1.50000000E-04,0.00000000E+0,
4,9.02000000E+01,1.50000000E-04,0.00000000E+0,
4,9.34000000E+01,1.50000000E-04,0.00000000E+0,
4,9.66000000E+01,1.50000000E-04,0.00000000E+0,
4,1.03000000E+02,7.00000000E-05,0.00000000E+0,
4,1.06400000E+02,7.00000000E-05,0.00000000E+0,
4,1.09800000E+02,7.00000000E-05,0.00000000E+0,
4,1.13200000E+02,7.00000000E-05,0.00000000E+0,
4,1.19600000E+02,1.80000000E-04,0.00000000E+0,
4,1.23000000E+02,1.80000000E-04,0.00000000E+0,
4,1.26400000E+02,1.80000000E-04,0.00000000E+0,
4,1.29800000E+02,1.80000000E-04,0.00000000E+0,
