45  Segments
Reagent,Delay,HV Width, LV Width
4,1.00000000E+0,1.00000000E-4,0.00000000E+0,
4,2.00000000E+0,1.20000000E-4,0.00000000E+0,
4,3.00000000E+0,2.00000000E-4,0.00000000E+0,
4,4.00000000E+0,1.50000000E-4,0.00000000E+0,
4,5.00000000E+0,1.30000000E-4,0.00000000E+0,
4,8.40000000E+00,1.20000000E-04,0.00000000E+0,
4,9.80000000E+00,1.20000000E-04,0.00000000E+0,
4,1.12000000E+01,1.20000000E-04,0.00000000E+0,
4,1.26000000E+01,1.20000000E-04,0.00000000E+0,
4,1.91000000E+01,1.30000000E-04,0.00000000E+0,
4,2.26000000E+01,1.30000000E-04,0.00000000E+0,
4,2.61000000E+01,1.30000000E-04,0.00000000E+0,
4,2.96000000E+01,1.30000000E-04,0.00000000E+0,
4,3.39000000E+01,1.70000000E-04,0.00000000E+0,
4,3.52000000E+01,1.70000000E-04,0.00000000E+0,
4,3.65000000E+01,1.70000000E-04,0.00000000E+0,
4,3.78000000E+01,1.70000000E-04,0.00000000E+0,
4,4.40000000E+01,1.40000000E-04,0.00000000E+0,
4,4.72000000E+01,1.40000000E-04,0.00000000E+0,
4,5.04000000E+01,1.40000000E-04,0.00000000E+0,
4,5.36000000E+01,1.40000000E-04,0.00000000E+0,
4,6.00000000E+01,1.60000000E-04,0.00000000E+0,
4,6.34000000E+01,1.60000000E-04,0.00000000E+0,
4,6.68000000E+01,1.60000000E-04,0.00000000E+0,
4,7.02000000E+01,1.60000000E-04,0.00000000E+0,
4,7.66000000E+01,1.50000000E-04,0.00000000E+0,
4,8.00000000E+01,1.50000000E-04,0.00000000E+0,
4,8.34000000E+01,1.50000000E-04,0.00000000E+0,
4,8.68000000E+01,1.50000000E-04,0.00000000E+0,
4,9.30000000E+01,1.50000000E-04,0.00000000E+0,
4,9.62000000E+01,1.50000000E-04,0.00000000E+0,
4,9.94000000E+01,1.50000000E-04,0.00000000E+0,
4,1.02600000E+02,1.50000000E-04,0.00000000E+0,
4,1.08200000E+02,1.60000000E-04,0.00000000E+0,
4,1.10800000E+02,1.60000000E-04,0.00000000E+0,
4,1.13400000E+02,1.60000000E-04,0.00000000E+0,
4,1.16000000E+02,1.60000000E-04,0.00000000E+0,
4,1.21600000E+02,1.00000000E-04,0.00000000E+0,
4,1.24200000E+02,1.00000000E-04,0.00000000E+0,
4,1.26800000E+02,1.00000000E-04,0.00000000E+0,
4,1.29400000E+02,1.00000000E-04,0.00000000E+0,
4,1.35500000E+02,1.80000000E-04,0.00000000E+0,
4,1.38600000E+02,1.80000000E-04,0.00000000E+0,
4,1.41700000E+02,1.80000000E-04,0.00000000E+0,
4,1.44800000E+02,1.80000000E-04,0.00000000E+0,
