53  Segments
Reagent,Delay,HV Width, LV Width
4,1.00000000E+0,1.00000000E-4,0.00000000E+0,
4,2.00000000E+0,1.20000000E-4,0.00000000E+0,
4,3.00000000E+0,2.00000000E-4,0.00000000E+0,
4,4.00000000E+0,1.50000000E-4,0.00000000E+0,
4,5.00000000E+0,1.30000000E-4,0.00000000E+0,
4,1.04000000E+01,1.60000000E-04,0.00000000E+0,
4,1.38000000E+01,1.60000000E-04,0.00000000E+0,
4,1.72000000E+01,1.60000000E-04,0.00000000E+0,
4,2.06000000E+01,1.60000000E-04,0.00000000E+0,
4,2.70000000E+01,1.70000000E-04,0.00000000E+0,
4,3.04000000E+01,1.70000000E-04,0.00000000E+0,
4,3.38000000E+01,1.70000000E-04,0.00000000E+0,
4,3.72000000E+01,1.70000000E-04,0.00000000E+0,
4,4.42000000E+01,1.80000000E-04,0.00000000E+0,
4,4.82000000E+01,1.80000000E-04,0.00000000E+0,
4,5.22000000E+01,1.80000000E-04,0.00000000E+0,
4,5.62000000E+01,1.80000000E-04,0.00000000E+0,
4,6.17000000E+01,1.10000000E-04,0.00000000E+0,
4,6.42000000E+01,1.10000000E-04,0.00000000E+0,
4,6.67000000E+01,1.10000000E-04,0.00000000E+0,
4,6.92000000E+01,1.10000000E-04,0.00000000E+0,
4,7.39000000E+01,1.20000000E-04,0.00000000E+0,
4,7.56000000E+01,1.20000000E-04,0.00000000E+0,
4,7.73000000E+01,1.20000000E-04,0.00000000E+0,
4,7.90000000E+01,1.20000000E-04,0.00000000E+0,
4,8.56000000E+01,1.50000000E-04,0.00000000E+0,
4,8.92000000E+01,1.50000000E-04,0.00000000E+0,
4,9.28000000E+01,1.50000000E-04,0.00000000E+0,
4,9.64000000E+01,1.50000000E-04,0.00000000E+0,
4,1.02100000E+02,1.00000000E-04,0.00000000E+0,
4,1.04800000E+02,1.00000000E-04,0.00000000E+0,
4,1.07500000E+02,1.00000000E-04,0.00000000E+0,
4,1.10200000E+02,1.00000000E-04,0.00000000E+0,
4,1.16200000E+02,1.60000000E-04,0.00000000E+0,
4,1.19200000E+02,1.60000000E-04,0.00000000E+0,
4,1.22200000E+02,1.60000000E-04,0.00000000E+0,
4,1.25200000E+02,1.60000000E-04,0.00000000E+0,
4,1.31200000E+02,1.80000000E-04,0.00000000E+0,
4,1.34200000E+02,1.80000000E-04,0.00000000E+0,
4,1.37200000E+02,1.80000000E-04,0.00000000E+0,
4,1.40200000E+02,1.80000000E-04,0.00000000E+0,
4,1.44600000E+02,1.80000000E-04,0.00000000E+0,
4,1.46000000E+02,1.80000000E-04,0.00000000E+0,
4,1.47400000E+02,1.80000000E-04,0.00000000E+0,
4,1.48800000E+02,1.80000000E-04,0.00000000E+0,
4,1.55300000E+02,1.70000000E-04,0.00000000E+0,
4,1.58800000E+02,1.70000000E-04,0.00000000E+0,
4,1.62300000E+02,1.70000000E-04,0.00000000E+0,
4,1.65800000E+02,1.70000000E-04,0.00000000E+0,
4,1.70400000E+02,1.20000000E-04,0.00000000E+0,
4,1.72000000E+02,1.20000000E-04,0.00000000E+0,
4,1.73600000E+02,1.20000000E-04,0.00000000E+0,
4,1.75200000E+02,1.20000000E-04,0.00000000E+0,
