45  Segments
Reagent,Delay,HV Width, LV Width
4,1.00000000E+0,1.00000000E-4,0.00000000E+0,
4,2.00000000E+0,1.20000000E-4,0.00000000E+0,
4,3.00000000E+0,2.00000000E-4,0.00000000E+0,
4,4.00000000E+0,1.50000000E-4,0.00000000E+0,
4,5.00000000E+0,1.30000000E-4,0.00000000E+0,
4,1.04000000E+01,1.20000000E-04,0.00000000E+0,
4,1.38000000E+01,1.20000000E-04,0.00000000E+0,
4,1.72000000E+01,1.20000000E-04,0.00000000E+0,
4,2.06000000E+01,1.20000000E-04,0.00000000E+0,
4,2.66000000E+01,1.70000000E-04,0.00000000E+0,
4,2.96000000E+01,1.70000000E-04,0.00000000E+0,
4,3.26000000E+01,1.70000000E-04,0.00000000E+0,
4,3.56000000E+01,1.70000000E-04,0.00000000E+0,
4,4.20000000E+01,1.10000000E-04,0.00000000E+0,
4,4.54000000E+01,1.10000000E-04,0.00000000E+0,
4,4.88000000E+01,1.10000000E-04,0.00000000E+0,
4,5.22000000E+01,1.10000000E-04,0.00000000E+0,
4,5.92000000E+01,1.70000000E-04,0.00000000E+0,
4,6.32000000E+01,1.70000000E-04,0.00000000E+0,
4,6.72000000E+01,1.70000000E-04,0.00000000E+0,
4,7.12000000E+01,1.70000000E-04,0.00000000E+0,
4,7.69000000E+01,1.80000000E-04,0.00000000E+0,
4,7.96000000E+01,1.80000000E-04,0.00000000E+0,
4,8.23000000E+01,1.80000000E-04,0.00000000E+0,
4,8.50000000E+01,1.80000000E-04,0.00000000E+0,
4,9.17000000E+01,1.30000000E-04,0.00000000E+0,
4,9.54000000E+01,1.30000000E-04,0.00000000E+0,
4,9.91000000E+01,1.30000000E-04,0.00000000E+0,
4,1.02800000E+02,1.30000000E-04,0.00000000E+0,
4,1.09500000E+02,1.60000000E-04,0.00000000E+0,
4,1.13200000E+02,1.60000000E-04,0.00000000E+0,
4,1.16900000E+02,1.60000000E-04,0.00000000E+0,
4,1.20600000E+02,1.60000000E-04,0.00000000E+0,
4,1.27000000E+02,1.40000000E-04,0.00000000E+0,
4,1.30400000E+02,1.40000000E-04,0.00000000E+0,
4,1.33800000E+02,1.40000000E-04,0.00000000E+0,
4,1.37200000E+02,1.40000000E-04,0.00000000E+0,
4,1.43700000E+02,1.60000000E-04,0.00000000E+0,
4,1.47200000E+02,1.60000000E-04,0.00000000E+0,
4,1.50700000E+02,1.60000000E-04,0.00000000E+0,
4,1.54200000E+02,1.60000000E-04,0.00000000E+0,
4,1.60300000E+02,1.10000000E-04,0.00000000E+0,
4,1.63400000E+02,1.10000000E-04,0.00000000E+0,
4,1.66500000E+02,1.10000000E-04,0.00000000E+0,
4,1.69600000E+02,1.10000000E-04,0.00000000E+0,
