45  Segments
Reagent,Delay,HV Width, LV Width
4,1.00000000E+0,1.00000000E-4,0.00000000E+0,
4,2.00000000E+0,1.20000000E-4,0.00000000E+0,
4,3.00000000E+0,2.00000000E-4,0.00000000E+0,
4,4.00000000E+0,1.50000000E-4,0.00000000E+0,
4,5.00000000E+0,1.30000000E-4,0.00000000E+0,
4,9.40000000E+00,1.10000000E-04,0.00000000E+0,
4,1.18000000E+01,1.10000000E-04,0.00000000E+0,
4,1.42000000E+01,1.10000000E-04,0.00000000E+0,
4,1.66000000E+01,1.10000000E-04,0.00000000E+0,
4,2.18000000E+01,1.20000000E-04,0.00000000E+0,
4,2.40000000E+01,1.20000000E-04,0.00000000E+0,
4,2.62000000E+01,1.20000000E-04,0.00000000E+0,
4,2.84000000E+01,1.20000000E-04,0.00000000E+0,
4,3.42000000E+01,1.50000000E-04,0.00000000E+0,
4,3.70000000E+01,1.50000000E-04,0.00000000E+0,
4,3.98000000E+01,1.50000000E-04,0.00000000E+0,
4,4.26000000E+01,1.50000000E-04,0.00000000E+0,
4,4.79000000E+01,1.80000000E-04,0.00000000E+0,
4,5.02000000E+01,1.80000000E-04,0.00000000E+0,
4,5.25000000E+01,1.80000000E-04,0.00000000E+0,
4,5.48000000E+01,1.80000000E-04,0.00000000E+0,
4,5.96000000E+01,1.80000000E-04,0.00000000E+0,
4,6.14000000E+01,1.80000000E-04,0.00000000E+0,
4,6.32000000E+01,1.80000000E-04,0.00000000E+0,
4,6.50000000E+01,1.80000000E-04,0.00000000E+0,
4,6.98000000E+01,1.80000000E-04,0.00000000E+0,
4,7.16000000E+01,1.80000000E-04,0.00000000E+0,
4,7.34000000E+01,1.80000000E-04,0.00000000E+0,
4,7.52000000E+01,1.80000000E-04,0.00000000E+0,
4,7.96000000E+01,1.80000000E-04,0.00000000E+0,
4,8.10000000E+01,1.80000000E-04,0.00000000E+0,
4,8.24000000E+01,1.80000000E-04,0.00000000E+0,
4,8.38000000E+01,1.80000000E-04,0.00000000E+0,
4,9.01000000E+01,1.80000000E-04,0.00000000E+0,
4,9.34000000E+01,1.80000000E-04,0.00000000E+0,
4,9.67000000E+01,1.80000000E-04,0.00000000E+0,
4,1.00000000E+02,1.80000000E-04,0.00000000E+0,
4,1.04200000E+02,1.20000000E-04,0.00000000E+0,
4,1.05400000E+02,1.20000000E-04,0.00000000E+0,
4,1.06600000E+02,1.20000000E-04,0.00000000E+0,
4,1.07800000E+02,1.20000000E-04,0.00000000E+0,
4,1.11800000E+02,1.30000000E-04,0.00000000E+0,
4,1.12800000E+02,1.30000000E-04,0.00000000E+0,
4,1.13800000E+02,1.30000000E-04,0.00000000E+0,
4,1.14800000E+02,1.30000000E-04,0.00000000E+0,
