CHROMATOGRAM
(+)APCI_TDMAB_channel4_chain1.raw
Data points: 992
Time	Intensity
0.000203	747
0.003345	1312
0.006497	964
0.009640	0
0.012780	755
0.015925	561
0.019173	1269
0.022353	1397
0.025498	366
0.028640	1182
0.031782	1382
0.034925	1083
0.038067	812
0.041220	955
0.044453	901
0.047595	1043
0.050742	1008
0.053887	1473
0.057070	1015
0.060213	652
0.063367	212
0.066512	1853
0.069747	179
0.072888	259
0.076042	939
0.079183	982
0.082327	1139
0.085470	752
0.088613	870
0.091793	455
0.094938	816
0.098178	1260
0.101323	1398
0.104465	1236
0.107610	2499
0.110755	873
0.113898	1080
0.117050	1016
0.120202	841
0.123343	1033
0.126615	622
0.129757	538
0.132910	1414
0.136055	858
0.139200	1102
0.142347	1404
0.145492	726
0.148633	1164
0.151865	1525343
0.155018	1162849
0.158168	826508
0.161352	533498
0.164498	323318
0.167652	2092237
0.170800	1504499
0.173958	1161991
0.177108	813577
0.180350	571339
0.183500	915510
0.186647	2251572
0.189828	1495353
0.192985	1301276
0.196172	919946
0.199318	660508
0.202465	1497090
0.205720	1595345
0.208875	1204512
0.212032	912489
0.215182	623111
0.218330	1733647
0.221477	1569317
0.224642	1274613
0.227792	918585
0.231062	658108
0.234208	420383
0.237365	296267
0.240512	206472
0.243655	142695
0.246798	91247
0.249948	70668
0.253093	53948
0.256237	36698
0.259490	30475
0.262633	25853
0.265817	21599
0.268960	17085
0.272100	17163
0.275245	16946
0.278388	14772
0.281542	9857
0.284773	9462
0.287917	8248
0.291062	5902
0.294223	10219
0.297370	5536
0.300550	7206
0.303697	5019
0.306838	498633
0.310067	1631580
0.313228	1531260
0.316392	1062074
0.319545	746103
0.322692	508994
0.325835	344732
0.328988	239321
0.332215	174229
0.335398	117642
0.338540	82999
0.341682	57441
0.344827	39953
0.347972	27021
0.351125	23181
0.354268	17964
0.357410	14754
0.360645	14280
0.363788	1437085
0.366938	1486253
0.370135	1350669
0.373292	1092494
0.376440	732308
0.379590	490339
0.382737	327332
0.385897	234977
0.389128	147447
0.392275	103473
0.395422	72262
0.398572	58402
0.401715	36831
0.404893	29518
0.408045	20876
0.411187	18372
0.414332	17334
0.417562	11237
0.420718	2180856
0.423867	1568930
0.427027	1410585
0.430180	1010804
0.433328	694771
0.436477	536084
0.439745	338700
0.442898	243246
0.446045	152653
0.449188	105340
0.452335	78653
0.455488	53385
0.458633	36503
0.461775	29085
0.464925	22730
0.468160	18813
0.471307	17061
0.474493	13637
0.477655	2366270
0.480805	1606580
0.483967	1474557
0.487118	971685
0.490267	764580
0.493413	514570
0.496647	342598
0.499797	225742
0.502940	167381
0.506083	97754
0.509267	78183
0.512420	57769
0.515565	38771
0.518710	33724
0.521940	21388
0.525083	18532
0.528228	14075
0.531373	13636
0.534525	10240
0.537672	8209
0.540817	6885
0.544090	7440
0.547340	6650
0.550483	6808
0.553627	4507
0.556773	6272
0.559917	5236
0.563058	5692
0.566203	5646
0.569365	3059
0.572595	4415
0.575737	3030
0.578918	5401
0.582073	4641
0.585213	1721834
0.588367	1640705
0.591527	1381435
0.594677	966915
0.597912	695865
0.601057	461073
0.604210	312349
0.607358	225124
0.610503	138513
0.613688	101404
0.616845	61809
0.620073	49108
0.623218	41011
0.626363	30367
0.629507	15731
0.632652	19766
0.635792	13643
0.638945	10087
0.642088	1659045
0.645240	1565255
0.648530	1229132
0.651693	907470
0.654842	624947
0.657987	461748
0.661133	280326
0.664277	209804
0.667422	135396
0.670568	96034
0.673720	77115
0.676952	51244
0.680100	35719
0.683287	29341
0.686430	19529
0.689577	18760
0.692718	12797
0.695873	11203
0.699018	2221510
0.702265	1450397
0.705427	1266749
0.708587	891199
0.711738	640255
0.714888	435710
0.718072	321087
0.721218	211251
0.724363	138008
0.727593	93674
0.730748	59423
0.733892	47326
0.737037	37136
0.740182	28448
0.743397	20638
0.746552	19733
0.749697	13151
0.752965	10283
0.756108	1547514
0.759268	1547637
0.762427	1205410
0.765585	886114
0.768742	586323
0.771888	410612
0.775037	269634
0.778193	202470
0.781425	124704
0.784573	96585
0.787753	63327
0.790898	55092
0.794043	34615
0.797185	25731
0.800338	24349
0.803567	18290
0.806712	15311
0.809888	12043
0.813050	9839
0.816193	9182
0.819337	10818
0.822522	7504
0.825667	9452
0.828902	5605
0.832050	6621
0.835205	5728
0.838348	5193
0.841495	4160
0.844640	5916
0.847782	4420
0.850927	4374
0.854165	4662
0.857347	4300
0.860492	3004
0.863633	3752
0.866775	4854
0.869932	60789
0.873075	1505852
0.876247	1391163
0.879400	1269569
0.882635	850936
0.885778	581309
0.888927	421194
0.892122	269093
0.895270	194074
0.898420	127442
0.901567	80042
0.904722	64451
0.907867	50200
0.911095	31312
0.914238	29713
0.917383	21309
0.920528	16653
0.923670	12982
0.926863	11422
0.930012	9191
0.933242	9569
0.936385	6679
0.939540	1451352
0.942717	1501630
0.945873	1187736
0.949027	922683
0.952178	609007
0.955323	411121
0.958555	310458
0.961747	188141
0.964892	144585
0.968035	91774
0.971182	69621
0.974333	41426
0.977475	35071
0.980620	30202
0.983853	23227
0.986998	16652
0.990142	11767
0.993283	9456
0.996472	9292
0.999615	10818
1.002762	9209
1.005905	1537056
1.009073	1569309
1.012320	1279012
1.015470	827385
1.018618	592889
1.021767	406601
1.024912	296985
1.028057	202208
1.031247	133018
1.034395	90178
1.037625	73175
1.040770	48132
1.043913	32239
1.047055	30985
1.050200	19351
1.053352	19179
1.056495	15532
1.059640	13444
1.062878	10086
1.066070	8440
1.069217	8626
1.072363	1623450
1.075525	1498602
1.078687	1386067
1.081837	963926
1.085068	618525
1.088223	425797
1.091373	274778
1.094520	179602
1.097668	134345
1.100865	89735
1.104013	66046
1.107160	48676
1.110387	37825
1.113533	30985
1.116678	25421
1.119823	18098
1.122978	16648
1.126125	14344
1.129272	10050
1.132417	10307
1.135697	9121
1.138840	8087
1.141985	5636
1.145132	6773
1.148278	6482
1.151423	6770
1.154568	5944
1.157720	6197
1.160862	3859
1.164092	1605596
1.167245	1345486
1.170433	942780
1.173582	651960
1.176732	425939
1.179887	303801
1.183030	184243
1.186262	135666
1.189407	90782
1.192568	67630
1.195713	42727
1.198858	36299
1.202000	25380
1.205187	1663949
1.208337	1344459
1.211575	981849
1.214733	676594
1.217882	481569
1.221028	289378
1.224177	218759
1.227333	156119
1.230475	91412
1.233623	66653
1.236858	50328
1.240042	37005
1.243185	22124
1.246335	1679283
1.249487	1485422
1.252637	1026333
1.255787	750490
1.258932	482909
1.262173	353421
1.265320	216337
1.268465	156675
1.271608	108952
1.274788	71096
1.277935	52987
1.281080	33863
1.284247	29696
1.287388	1613698
1.290620	1464811
1.293777	1133713
1.296923	751992
1.300070	534202
1.303218	378607
1.306373	234341
1.309552	153963
1.312697	111927
1.315842	77805
1.319087	53173
1.322230	45023
1.325378	29241
1.328522	22119
1.331665	16854
1.334812	13263
1.337958	12184
1.341112	11919
1.344295	9842
1.347530	7938
1.350678	10279
1.353838	8960
1.356982	4482
1.360127	6967
1.363273	4543
1.366417	1868733
1.369560	1367241
1.372805	1092578
1.375967	774040
1.379148	528331
1.382292	358925
1.385437	235064
1.388580	160920
1.391728	101956
1.394878	1791160
1.398118	1372643
1.401273	1066326
1.404427	764295
1.407577	517058
1.410730	357983
1.413913	230955
1.417062	159893
1.420203	111432
1.423348	1715846
1.426575	1412518
1.429732	1120582
1.432893	778690
1.436042	527078
1.439190	332897
1.442345	244111
1.445498	156985
1.448765	113332
1.451912	1711839
1.455060	1309379
1.458218	1079324
1.461370	754779
1.464520	537146
1.467682	346901
1.470827	231223
1.474060	158652
1.477205	109189
1.480370	75914
1.483555	54306
1.486700	40076
1.489845	35226
1.492987	27930
1.496130	17251
1.499360	13007
1.502515	13992
1.505660	10767
1.508807	8666
1.511952	8432
1.515093	7630
1.518273	8594
1.521418	8267
1.524577	7455
1.527808	5780
1.530955	5714
1.534103	6544
1.537257	6625
1.540398	4800
1.543543	5557
1.546697	5371
1.549843	5331
1.553112	4927
1.556257	4396
1.559415	5326
1.562558	2265352
1.565723	1368768
1.568880	1151718
1.572040	787535
1.575190	509873
1.578422	379770
1.581565	261331
1.584712	181550
1.587892	121049
1.591037	73165
1.594193	59371
1.597338	39031
1.600568	27655
1.603713	22144
1.606868	15249
1.610015	14792
1.613165	14364
1.616308	10267
1.619455	7585
1.622635	1446547
1.625885	1438873
1.629050	1147613
1.632200	791574
1.635348	484894
1.638492	371107
1.641643	234967
1.644787	166638
1.647932	122016
1.651090	78797
1.654317	52949
1.657498	39653
1.660645	29067
1.663800	25919
1.666945	19550
1.670090	15213
1.673233	13746
1.676382	11925
1.679623	10581
1.682775	1539645
1.685940	1366323
1.689097	1048971
1.692285	792946
1.695430	540620
1.698588	369451
1.701737	250046
1.704885	181717
1.708035	116765
1.711267	83273
1.714417	57603
1.717567	42335
1.720720	27668
1.723865	25560
1.727042	18331
1.730188	17249
1.733427	11625
1.736572	10385
1.739717	10880
1.742858	1583305
1.746028	1343800
1.749187	1053710
1.752333	769743
1.755493	485505
1.758733	365934
1.761917	224718
1.765063	159513
1.768217	122559
1.771362	83067
1.774508	59060
1.777727	40975
1.780958	36559
1.784102	23992
1.787243	18341
1.790397	13321
1.793543	13838
1.796725	11195
1.799868	10355
1.803023	7307
1.806257	9879
1.809402	8436
1.812547	6551
1.815693	6176
1.818835	5422
1.821982	5250
1.825137	5166
1.828280	4773
1.831462	4554
1.834693	3991
1.837847	1529000
1.840998	1079774
1.844148	755213
1.847305	560416
1.850450	327060
1.853597	240844
1.856742	165170
1.859980	101290
1.863125	70278
1.866305	51770
1.869448	38590
1.872595	26956
1.875738	19728
1.878885	12944
1.882037	1523832
1.885183	1199382
1.888422	915355
1.891572	601456
1.894728	423859
1.897877	258987
1.901058	174334
1.904207	118275
1.907348	78842
1.910642	58251
1.913788	47504
1.916932	31672
1.920082	24043
1.923223	17759
1.926372	1670430
1.929523	1257137
1.932678	1019495
1.935953	631420
1.939100	438390
1.942248	289986
1.945393	194579
1.948537	129735
1.951690	98295
1.954835	59893
1.957978	47395
1.961123	28817
1.964367	29277
1.967510	18196
1.970690	1411178
1.973833	1330858
1.977053	1049691
1.980210	703227
1.983358	475988
1.986600	319964
1.989747	194803
1.992892	138185
1.996040	103348
1.999202	78409
2.002347	49252
2.005527	40236
2.008670	29681
2.011908	20777
2.015052	14661
2.018197	12869
2.021353	10818
2.024498	9095
2.027647	10284
2.030787	5918
2.033932	5159
2.037170	6838
2.040357	5027
2.043498	6751
2.046647	5061
2.049790	5929
2.052935	4080
2.056090	3774
2.059235	5582
2.062468	5408
2.065612	2680
2.068758	3110
2.071907	1769821
2.075093	1444629
2.078255	1232145
2.081405	872930
2.084553	588373
2.087790	397578
2.090955	265664
2.094100	192216
2.097245	128703
2.100388	80840
2.103535	58181
2.106680	45208
2.109923	35973
2.113080	25574
2.116307	18552
2.119452	13910
2.122597	1612946
2.125768	1447360
2.128920	1108902
2.132073	888302
2.135223	578821
2.138375	394669
2.141520	264345
2.144795	181718
2.147942	130256
2.151083	85189
2.154230	64070
2.157380	45736
2.160535	34639
2.163680	24429
2.166830	19996
2.170068	241591
2.173215	1948925
2.176377	1427287
2.179575	1064778
2.182745	752766
2.185898	557557
2.189048	355182
2.192280	239912
2.195435	158504
2.198583	116395
2.201730	83397
2.204875	61610
2.208022	43409
2.211165	30497
2.214350	26609
2.217587	24014
2.220735	2220767
2.223880	1666166
2.227042	1353480
2.230203	1011271
2.233352	704438
2.236500	461910
2.239645	337325
2.242878	220795
2.246023	157316
2.249205	115849
2.252358	76093
2.255503	57325
2.258647	37700
2.261793	27716
2.264940	25595
2.268085	18468
2.271310	15485
2.274458	12096
2.277720	10565
2.280868	8926
2.284052	8060
2.287205	8806
2.290347	7077
2.293573	5819
2.296715	6865
2.299872	6144
2.303018	4332
2.306163	5490
2.309307	6131
2.312452	4092
2.315598	4104
2.318787	5210
2.322025	1741228
2.325177	1614053
2.328335	1259883
2.331488	963748
2.334645	680574
2.337793	412022
2.340940	307281
2.344090	209053
2.347330	149479
2.350478	113992
2.353660	69510
2.356813	51899
2.359960	38691
2.363103	29369
2.366250	25291
2.369397	19432
2.372628	2250137
2.375788	1563679
2.378943	1286369
2.382093	895818
2.385242	577304
2.388425	416582
2.391577	280304
2.394722	178832
2.397868	134182
2.401103	95357
2.404248	62200
2.407395	43738
2.410540	35089
2.413692	31925
2.416835	23927
2.419978	126659
2.423162	1534817
2.426423	1513307
2.429578	1148418
2.432728	831142
2.435877	564919
2.439023	369619
2.442172	283525
2.445315	181556
2.448553	133329
2.451697	90196
2.454843	59432
2.458025	47839
2.461182	35127
2.464332	22563
2.467478	21308
2.470620	2175469
2.473767	1476002
2.477020	1377420
2.480175	1102131
2.483330	766697
2.486480	509436
2.489625	329849
2.492805	267027
2.495950	173206
2.499095	121287
2.502243	77955
2.505485	56908
2.508632	51811
2.511775	31931
2.514922	24306
2.518078	24467
2.521222	16393
2.524368	14776
2.527552	14010
2.530788	11539
2.533930	10043
2.537072	9747
2.540225	9183
2.543370	214367
2.546520	1492727
2.549692	1410484
2.552858	1149782
2.556095	806952
2.559243	548777
2.562428	389748
2.565575	268663
2.568718	1897301
2.571875	1482626
2.575043	1248157
2.578197	942257
2.581430	676477
2.584578	443732
2.587735	320521
2.590883	2538893
2.594032	1637329
2.597237	1423201
2.600392	1100884
2.603628	736244
2.606778	513064
2.609925	387255
2.613072	255569
2.616217	1528201
2.619385	1487555
2.622562	1206648
2.625715	910899
2.628865	614888
2.632142	422998
2.635290	310114
2.638437	190506
2.641582	147232
2.644737	106643
2.647883	79475
2.651028	57962
2.654175	42839
2.657413	33438
2.660557	23993
2.663702	22633
2.666883	21210
2.670030	13529
2.673178	11525
2.676323	12740
2.679557	10424
2.682702	11783
2.685848	9659
2.688990	5476
2.692145	8423
2.695290	7617
2.698433	7223
2.701623	8220
2.704765	7032
2.707998	8468
2.711145	5017
2.714303	3984
2.717448	5176
2.720592	6165
2.723738	1703805
2.726892	1433568
2.730055	1189648
2.733293	890167
2.736480	596336
2.739627	419433
2.742775	289988
2.745918	196691
2.749075	141909
2.752223	95292
2.755373	68640
2.758522	49547
2.761753	34950
2.764898	25856
2.768045	19994
2.771238	18659
2.774382	16786
2.777525	13379
2.780670	3383774
2.783827	1580194
2.787072	1450480
2.790223	1033971
2.793380	764541
2.796530	502790
2.799677	355497
2.802825	234023
2.806027	148582
2.809257	103589
2.812402	78275
2.815550	52055
2.818703	40990
2.821847	27991
2.824993	23793
2.828138	20836
2.831287	15325
2.834432	12406
2.837665	11322
2.840855	1623430
2.844020	1515578
2.847180	1127556
2.850333	853307
2.853490	607491
2.856638	433265
2.859787	283871
2.863022	191077
2.866165	134448
2.869310	77701
2.872453	63179
2.875643	49824
2.878788	36862
2.881930	26676
2.885077	18172
2.888222	17261
2.891457	13891
2.894605	11663
2.897763	2361119
2.900907	1894196
2.904072	1346362
2.907223	1049275
2.910420	728390
2.913568	477284
2.916803	347944
2.919950	227835
2.923097	148395
2.926243	105178
2.929388	78740
2.932540	54050
2.935685	50321
2.938828	30889
2.942057	26102
2.945250	18800
2.948397	15237
2.951542	14310
2.954685	11524
2.957832	9890
2.960977	9474
2.964123	6814
2.967365	7372
2.970508	7153
2.973648	635529
2.976793	1473080
2.979998	1199201
2.983158	858373
2.986310	602772
2.989458	413953
2.992602	297225
2.995832	180820
2.998977	118312
3.002128	1678266
3.005283	1287975
3.008435	1055482
3.011585	720524
3.014768	509347
3.017917	337987
3.021060	224033
3.024303	151780
3.027450	2029339
3.030597	1419051
3.033757	1100064
3.036920	822561
3.040072	588275
3.043223	386121
3.046373	272400
3.049655	190385
3.052798	121287
3.055945	1522915
3.059108	1270021
3.062260	987286
3.065412	685309
3.068557	472698
3.071713	322153
3.074858	215115
3.078093	150419
3.081238	112617
3.084420	75896
3.087567	54920
3.090713	41904
3.093865	26382
3.097007	21861
3.100150	21177
3.103390	13420
3.106542	15625
3.109685	9297
3.112828	10900
3.115978	8607
3.119162	8161
3.122305	8789
3.125452	10307
3.128692	6571
3.131835	6823
3.134982	5626