CHROMATOGRAM
(+)APCI_TDMAB_channel4_chain2.raw
Data points: 1004
Time	Intensity
0.000203	382
0.003360	426
0.006503	991
0.009685	854
0.012827	499
0.015972	584
0.019202	902
0.022347	0
0.025505	843
0.028648	519
0.031790	1124
0.034932	472
0.038073	0
0.041215	323
0.044483	697
0.047628	1190
0.050775	185
0.053918	318
0.057058	273
0.060208	771
0.063353	522
0.066497	584
0.069723	576
0.072868	303
0.076012	281
0.079197	135
0.082348	177
0.085493	812
0.088635	374
0.091777	745
0.094920	391
0.098145	291
0.101290	471
0.104433	582
0.107575	543
0.110722	391
0.113905	0
0.117057	401
0.120205	396
0.123433	748
0.126578	427
0.129727	843
0.132868	813
0.136013	241
0.139168	553
0.142317	998
0.145460	157
0.148730	809
0.151885	699
0.155030	428
0.158177	343
0.161322	0
0.164465	221
0.167612	1258948
0.170753	1019356
0.174002	675928
0.177150	431961
0.180297	250465
0.183477	1014380
0.186618	1397941
0.189773	1070729
0.192922	719661
0.196075	465355
0.199218	301089
0.202448	2410594
0.205612	1398109
0.208783	1149076
0.211935	851538
0.215080	516342
0.218260	1842694
0.221410	1512943
0.224565	1119353
0.227720	835685
0.230965	560772
0.234107	1951538
0.237248	1514351
0.240405	1161337
0.243568	802234
0.246718	559668
0.249867	356020
0.253050	246843
0.256283	158018
0.259425	117813
0.262572	88488
0.265725	60159
0.268870	40761
0.272048	32838
0.275192	19268
0.278352	20695
0.281583	14946
0.284725	12644
0.287905	9472
0.291050	9543
0.294195	10519
0.297342	7750
0.300495	6673
0.303640	6923
0.306868	4773
0.310013	4749
0.313167	4864
0.316310	5021
0.319453	4274
0.322638	4594
0.325783	1502823
0.328940	1242853
0.332088	811338
0.335333	564292
0.338475	357221
0.341620	222637
0.344765	147582
0.347910	103475
0.351058	64749
0.354210	55263
0.357398	32989
0.360625	25237
0.363768	19185
0.366910	15974
0.370068	12441
0.373217	7526
0.376360	7560
0.379508	7236
0.382648	1466475
0.385890	1046044
0.389042	845322
0.392232	513783
0.395382	356036
0.398528	226865
0.401672	158996
0.404823	100476
0.407967	80479
0.411193	52630
0.414340	37163
0.417487	24180
0.420630	20300
0.423773	11543
0.426965	16125
0.430108	10898
0.433250	9964
0.436393	67528
0.439625	1449833
0.442778	1154305
0.445930	751084
0.449083	518185
0.452227	345936
0.455373	226540
0.458520	145023
0.461715	99882
0.464948	63396
0.468093	45354
0.471238	29298
0.474385	25297
0.477532	20963
0.480675	14530
0.483830	11637
0.486975	11731
0.490120	7239
0.493347	484411
0.496538	1418247
0.499690	1022697
0.502845	720779
0.505992	500786
0.509137	305979
0.512282	200442
0.515430	147266
0.518588	94844
0.521820	71828
0.524968	46193
0.528113	34890
0.531303	24925
0.534448	21820
0.537592	13280
0.540745	13289
0.543890	12272
0.547122	8045
0.550265	7322
0.553423	7338
0.556568	4020
0.559722	4772
0.562867	2978
0.566050	4167
0.569192	5136
0.572425	3285
0.575577	3119
0.578722	3793
0.581868	2482
0.585013	3783
0.588165	2973
0.591308	1836
0.594453	1961001
0.597598	1489720
0.600880	1085075
0.604032	867880
0.607183	524364
0.610338	385587
0.613485	238673
0.616632	169491
0.619773	104913
0.622923	80024
0.626158	55780
0.629307	37321
0.632455	25139
0.635635	25887
0.638780	16192
0.641927	9678
0.645087	1730272
0.648240	1418440
0.651400	1136268
0.654640	803098
0.657788	521278
0.660933	365818
0.664075	241461
0.667228	171674
0.670408	116105
0.673553	76047
0.676698	54620
0.679935	39743
0.683080	24935
0.686222	17856
0.689365	16203
0.692508	13118
0.695652	1594303
0.698810	1426511
0.701977	1118029
0.705245	758751
0.708392	533752
0.711537	312603
0.714693	221003
0.717842	166439
0.720987	102162
0.724132	78760
0.727278	56456
0.730510	34956
0.733655	24788
0.736813	22891
0.739997	13319
0.743140	234525
0.746285	1596981
0.749445	1346858
0.752598	965426
0.755752	721376
0.758992	467789
0.762137	327061
0.765280	211125
0.768422	142715
0.771577	99727
0.774758	65348
0.777902	49297
0.781047	36514
0.784280	27965
0.787423	18315
0.790567	17486
0.793718	17631
0.796863	12325
0.800010	9745
0.803153	6964
0.806305	8101
0.809573	6443
0.812717	5532
0.815858	6199
0.819000	5493
0.822145	4294
0.825290	5159
0.828452	4043
0.831597	2965
0.834742	4063
0.837972	4094
0.841113	2894
0.844293	4822
0.847440	3971
0.850585	1596414
0.853732	1357214
0.856887	953943
0.860035	635373
0.863193	460222
0.866427	281758
0.869570	187488
0.872717	135070
0.875860	90951
0.879053	63170
0.882200	44901
0.885353	31400
0.888497	20851
0.891727	12815
0.894872	10376
0.898025	9474
0.901168	10704
0.904312	8048
0.907453	1677214
0.910600	1231579
0.913788	953507
0.916938	645307
0.920102	422259
0.923335	283043
0.926485	198697
0.929630	129072
0.932773	81291
0.935918	58756
0.939062	43321
0.942218	28328
0.945363	21259
0.948545	15879
0.951783	11445
0.954937	10787
0.958080	8483
0.961227	7703
0.964372	1572310
0.967517	1281636
0.970672	909023
0.973818	617769
0.977062	405799
0.980207	274946
0.983392	162738
0.986535	130296
0.989692	80021
0.992840	54531
0.995983	39316
0.999127	32317
1.002273	20517
1.005505	14750
1.008655	13127
1.011815	10079
1.014962	7624
1.018142	8095
1.021283	1604017
1.024428	1262932
1.027578	918538
1.030725	636289
1.033965	422432
1.037110	266811
1.040255	185469
1.043402	108090
1.046555	73553
1.049702	54322
1.052883	40502
1.056025	31930
1.059260	17814
1.062407	17430
1.065548	11983
1.068702	10098
1.071882	10629
1.075035	9218
1.078182	9010
1.081420	5513
1.084563	5561
1.087745	5168
1.090892	5306
1.094035	4396
1.097183	2627
1.100327	3174
1.103492	3719
1.106860	2688
1.110007	2294
1.113148	4160
1.116303	2942
1.119448	4954
1.122630	3531
1.125773	2753
1.128920	3364
1.132070	1551
1.135297	3731
1.138440	1692454
1.141593	1488247
1.144750	1090765
1.147902	781137
1.151058	529360
1.154210	357753
1.157393	241087
1.160623	169867
1.163767	107262
1.166912	73541
1.170058	56009
1.173212	36910
1.176358	30425
1.179503	18794
1.182647	17291
1.185787	13447
1.188932	10809
1.192202	10094
1.195345	8850
1.198488	4710
1.201638	5239
1.204785	1741696
1.207940	1443050
1.211095	1101914
1.214247	776547
1.217393	563621
1.220625	368641
1.223767	277827
1.226948	169365
1.230092	106767
1.233237	84948
1.236383	50144
1.239532	45766
1.242687	28794
1.245830	23227
1.249063	14023
1.252208	11217
1.255350	10336
1.258497	9832
1.261677	8803
1.264825	4781
1.267972	6529
1.271122	1947492
1.274267	1581599
1.277515	1199869
1.280667	868902
1.283813	581580
1.286958	393674
1.290102	259815
1.293250	183609
1.296430	118936
1.299583	92709
1.302727	63188
1.305958	43072
1.309103	28839
1.312247	25976
1.315392	16784
1.318538	13388
1.321692	12464
1.324833	9555
1.327978	8741
1.331247	8131
1.334398	6216
1.337543	1981036
1.340688	1570230
1.343845	1198018
1.346997	884228
1.350142	593835
1.353292	421220
1.356447	277256
1.359678	183504
1.362823	126077
1.366005	92086
1.369158	69232
1.372303	46713
1.375447	32016
1.378597	23839
1.381740	19364
1.384972	14365
1.388115	12105
1.391268	9688
1.394412	9090
1.397555	9235
1.400735	5655
1.403878	5856
1.407022	5011
1.410170	6391
1.413410	4186
1.416553	4480
1.419700	4780
1.422848	3550
1.426002	3414
1.429147	3930
1.432290	2298846
1.435473	1648668
1.438712	1273189
1.441867	932856
1.445017	673277
1.448172	432910
1.451317	297494
1.454465	195523
1.457610	139246
1.460753	88250
1.463990	65405
1.467137	45086
1.470318	35668
1.473463	23280
1.476608	565917
1.479750	1522370
1.482920	1349370
1.486075	984975
1.489310	716074
1.492455	477171
1.495605	291310
1.498753	219251
1.501900	155446
1.505088	102461
1.508235	75022
1.511377	53053
1.514518	38589
1.517757	26847
1.520907	21365
1.524048	1396769
1.527215	1418625
1.530370	1115204
1.533523	852934
1.536673	506113
1.540018	340510
1.543172	243150
1.546322	163922
1.549468	115967
1.552622	77658
1.555763	54499
1.558907	43545
1.562052	29307
1.565288	24357
1.568432	2035788
1.571590	1524242
1.574788	1109967
1.577942	831657
1.581090	536860
1.584242	370128
1.587398	254129
1.590545	169542
1.593693	122829
1.596923	84087
1.600068	63202
1.603212	38190
1.606357	31151
1.609550	19547
1.612698	16573
1.615840	13440
1.618988	13605
1.622230	10654
1.625373	8122
1.628522	9886
1.631667	6569
1.634815	8260
1.637960	7121
1.641107	5202
1.644297	4128
1.647438	5470
1.650672	6776
1.653813	3667
1.656960	4610
1.660105	3487
1.663252	4311
1.666403	3159
1.669548	3841
1.672690	3271
1.675833	5131
1.679110	1883055
1.682253	1435181
1.685407	1030831
1.688555	764704
1.691705	504351
1.694848	335705
1.697995	219370
1.701152	159273
1.704380	100887
1.707525	70626
1.710668	48513
1.713857	35933
1.717005	25231
1.720148	23557
1.723292	17017
1.726437	11275
1.729582	8648
1.732815	7052
1.735967	7215
1.739112	5541
1.742263	1534686
1.745417	1246074
1.748607	875294
1.751755	656011
1.754902	394329
1.758058	272610
1.761292	179959
1.764440	132447
1.767585	76520
1.770745	63360
1.773892	35985
1.777038	28303
1.780182	20834
1.783367	15819
1.786597	13707
1.789740	11241
1.792895	6523
1.796040	9062
1.799188	7573
1.802335	1975861
1.805557	1455752
1.808717	1070793
1.811953	769228
1.815097	478494
1.818280	350935
1.821423	208622
1.824568	150267
1.827723	92481
1.830867	77363
1.834010	52128
1.837240	35761
1.840395	33246
1.843542	19909
1.846690	16558
1.849835	13140
1.853017	9926
1.856160	10532
1.859302	7568
1.862542	6843
1.865685	1470755
1.868842	1238287
1.871993	864956
1.875162	632775
1.878310	429054
1.881455	251506
1.884603	184257
1.887787	127594
1.891017	89441
1.894163	55061
1.897322	39181
1.900467	29816
1.903608	19824
1.906882	17561
1.910045	11800
1.913193	12547
1.916425	9051
1.919572	10088
1.922752	7456
1.925897	5434
1.929040	6129
1.932192	3942
1.935335	4835
1.938565	4511
1.941708	3684
1.944858	4069
1.948000	3187
1.951143	4018
1.954287	3319
1.957467	3288
1.960608	4123
1.963750	3510
1.966990	3538
1.970135	2957
1.973382	3528
1.976527	1639349
1.979683	1423233
1.982842	1151618
1.985990	779156
1.989222	516066
1.992402	359388
1.995547	223165
1.998695	145360
2.001852	112795
2.004997	72172
2.008143	47550
2.011288	32605
2.014430	22511
2.017665	22970
2.020808	14616
2.023957	11101
2.027138	10163
2.030278	10660
2.033420	8350
2.036570	396107
2.039717	1553929
2.042873	1355994
2.046113	940701
2.049263	632892
2.052413	449788
2.055557	272941
2.058710	216165
2.061890	142408
2.065037	93367
2.068182	68492
2.071423	48131
2.074572	27454
2.077717	24875
2.080862	21117
2.084005	15088
2.087150	12356
2.090293	11333
2.093452	8023
2.096715	7391
2.099860	1642593
2.103007	1377750
2.106170	1056529
2.109322	765428
2.112473	530715
2.115620	363740
2.118768	248365
2.121913	156584
2.125150	117081
2.128302	72519
2.131483	54072
2.134632	43783
2.137777	29541
2.140920	20776
2.144070	17429
2.147213	13003
2.150453	9908
2.153597	9905
2.156743	9010
2.159892	397968
2.163048	1563988
2.166245	1342718
2.169402	889178
2.172552	654566
2.175785	430302
2.178932	290153
2.182078	194555
2.185237	129023
2.188382	88160
2.191528	60329
2.194678	47720
2.197833	29629
2.201102	28832
2.204247	19589
2.207390	12358
2.210535	11869
2.213682	10886
2.216825	7030
2.219978	6578
2.223123	7183
2.226273	6248
2.229415	5256
2.232662	5758
2.235842	3908
2.238988	3855
2.242132	4496
2.245278	5392
2.248423	3179
2.251568	2466
2.254722	3510
2.257952	3526
2.261095	3374
2.264238	3589
2.267383	1982073
2.270563	1462703
2.273717	1069306
2.276882	757410
2.280030	523527
2.283262	363589
2.286405	251790
2.289557	163889
2.292703	109664
2.295848	76827
2.298995	53992
2.302142	37907
2.305412	24719
2.308557	20113
2.311708	14255
2.314858	14491
2.318003	11294
2.321147	9419
2.324290	1857916
2.327438	1450825
2.330595	1142535
2.333752	722691
2.336982	521880
2.340168	315949
2.343317	227565
2.346468	157985
2.349612	106054
2.352753	71867
2.355897	54353
2.359043	34572
2.362280	30506
2.365423	20350
2.368588	18044
2.371733	13995
2.374915	9133
2.378065	8554
2.381217	1710188
2.384362	1313169
2.387608	1016271
2.390758	725344
2.393907	518265
2.397055	305616
2.400198	238196
2.403353	150846
2.406500	103062
2.409683	69549
2.412920	50003
2.416077	40885
2.419222	23433
2.422367	17788
2.425513	17201
2.428660	11732
2.431807	9818
2.434948	9993
2.438192	1608418
2.441337	1435162
2.444525	1017573
2.447678	684799
2.450833	511894
2.453978	316594
2.457122	192502
2.460270	145878
2.463417	99015
2.466650	64739
2.469792	50757
2.472943	35179
2.476085	29415
2.479270	18243
2.482415	17273
2.485562	16773
2.488707	10870
2.491850	6212
2.495082	8216
2.498225	7045
2.501370	5314
2.504513	5713
2.507667	5397
2.510810	3233
2.513992	5222
2.517217	3646
2.520362	3668
2.523503	3701
2.526650	3690
2.529807	2005
2.532950	3794
2.536093	2343
2.539237	3112
2.542385	3517
2.545617	2104767
2.548795	1433023
2.551952	1194353
2.555108	863922
2.558255	567789
2.561400	366404
2.564555	259389
2.567705	172910
2.570850	121582
2.574078	82567
2.577222	53721
2.580370	43502
2.583548	24184
2.586698	20961
2.589845	18187
2.592992	14968
2.596218	9558
2.599377	10602
2.602522	8801
2.605668	1584905
2.608827	1273189
2.611988	1067800
2.615138	740541
2.618323	476539
2.621565	310929
2.624712	212678
2.627858	153062
2.631007	101327
2.634158	64725
2.637307	49283
2.640450	37900
2.643593	24658
2.646825	20913
2.649970	15327
2.653152	11727
2.656305	13556
2.659450	8160
2.662593	1893677
2.665738	1510930
2.668892	1168963
2.672125	814011
2.675277	578321
2.678427	380624
2.681573	261159
2.684718	174897
2.687900	128635
2.691053	76913
2.694197	61054
2.697342	47902
2.700572	26961
2.703715	24078
2.706862	17384
2.710007	13752
2.713157	13581
2.716302	9059
2.719447	10744
2.722625	1445540
2.725788	1314015
2.729028	972175
2.732175	664335
2.735322	461755
2.738467	310837
2.741613	210641
2.744760	134205
2.747917	102270
2.751062	70732
2.754297	49738
2.757478	33319
2.760622	27199
2.763768	25899
2.766912	15483
2.770068	9390
2.773213	12877
2.776358	10082
2.779505	7110
2.782750	6472
2.785898	4632
2.789043	5218
2.792225	5842
2.795368	3467
2.798518	6656
2.801660	5571
2.804900	4287
2.808042	3593
2.811188	2130
2.814333	4052
2.817485	3279
2.820630	3949
2.823773	1432903
2.826962	1040512
2.830115	794212
2.833348	516237
2.836493	366339
2.839647	227497
2.842792	154648
2.845938	107278
2.849082	63372
2.852225	44374
2.855372	34726
2.858517	21121
2.861793	18555
2.864937	10625
2.868083	11171
2.871232	9257
2.874385	1605319
2.877528	1121294
2.880685	855641
2.883835	616654
2.887068	380604
2.890215	266742
2.893370	155638
2.896558	129024
2.899707	86962
2.902855	55935
2.905998	39999
2.909152	24890
2.912382	20931
2.915527	18678
2.918668	15990
2.921813	13929
2.924957	296074
2.928097	1319179
2.931295	993888
2.934442	644414
2.937590	463256
2.940828	313238
2.943982	201780
2.947128	138087
2.950277	87347
2.953425	66755
2.956570	44584
2.959715	37504
2.962862	21641
2.966138	16443
2.969282	16101
2.972425	11486
2.975572	10084
2.978720	1404681
2.981873	1099107
2.985023	750059
2.988178	513331
2.991412	340653
2.994557	252425
2.997700	151165
3.000890	105406
3.004033	79454
3.007178	48819
3.010323	35450
3.013467	23512
3.016702	21446
3.019848	16315
3.023000	11934
3.026145	9229
3.029292	11571
3.032435	7026
3.035617	8408
3.038762	6311
3.041907	6331
3.045145	6777
3.048292	4569
3.051435	4113
3.054582	4974
3.057738	3812
3.060885	3354
3.064032	2537
3.067175	2190
3.070445	4126
3.073587	3328
3.076730	4862
3.079883	571
3.083028	1929
3.086175	1888
3.089318	3269
3.092460	2644
3.095607	1193
3.098748	3693
3.101992	3564
3.105173	2223
3.108315	2625
3.111460	2422
3.114617	1761
3.117760	2341
3.120902	1445
3.124045	2984
3.127187	1490
3.130418	1807
3.133568	1612
3.136720	1733
3.139902	2137
3.143053	2165
3.146205	2736
3.149358	1466
3.152588	1685
3.155733	2353
3.158877	1637
3.162020	1593
3.165165	1655
3.168308	1743
3.171467	896