SPECTRUM - MS
3mix_1top_datadependent_4s_P_V.raw
ITMS + p APCI corona d Full ms2 203.32@cid0.00 [50.00-420.00]
Scan #: 5784
RT: 18.13
Data points: 4440
Mass	Intensity
50.083333	0.000000
50.166667	0.000000
50.250000	0.000000
50.333333	0.000000
50.416667	0.000000
50.500000	0.000000
50.583333	0.000000
50.666667	0.000000
50.750000	0.000000
50.833333	0.000000
50.916667	0.000000
51.000000	0.000000
51.083333	0.000000
51.166667	0.000000
51.250000	0.000000
51.333333	0.000000
51.416667	0.000000
51.500000	0.000000
51.583333	0.000000
51.666667	0.000000
51.750000	0.000000
51.833333	0.000000
51.916667	0.000000
52.000000	0.000000
52.083333	0.000000
52.166667	0.000000
52.250000	0.000000
52.333333	0.000000
52.416667	0.000000
52.500000	0.000000
52.583333	0.000000
52.666667	0.000000
52.750000	0.000000
52.833333	0.000000
52.916667	0.000000
53.000000	0.000000
53.083333	0.000000
53.166667	0.000000
53.250000	0.000000
53.333333	0.000000
53.416667	0.000000
53.500000	0.000000
53.583333	0.000000
53.666667	0.000000
53.750000	0.000000
53.833333	0.000000
53.916667	0.000000
54.000000	0.000000
54.083333	0.000000
54.166667	0.000000
54.250000	0.000000
54.333333	0.000000
54.416667	0.000000
54.500000	0.000000
54.583333	0.000000
54.666667	0.000000
54.750000	0.000000
54.833333	0.000000
54.916667	0.000000
55.000000	0.000000
55.083333	0.000000
55.166667	0.000000
55.250000	0.000000
55.333333	0.000000
55.416667	0.000000
55.500000	0.000000
55.583333	0.000000
55.666667	0.000000
55.750000	0.000000
55.833334	0.000000
55.916667	0.000000
56.000000	0.000000
56.083334	0.000000
56.166667	0.000000
56.250000	0.000000
56.333334	0.000000
56.416667	0.000000
56.500000	0.000000
56.583334	0.000000
56.666667	0.000000
56.750000	0.000000
56.833334	0.000000
56.916667	0.000000
57.000000	0.000000
57.083334	0.000000
57.166667	0.000000
57.250000	0.000000
57.333334	0.000000
57.416667	0.000000
57.500000	0.000000
57.583334	0.000000
57.666667	0.000000
57.750000	0.000000
57.833334	0.000000
57.916667	0.000000
58.000000	0.000000
58.083334	0.000000
58.166667	0.000000
58.250000	0.000000
58.333334	0.000000
58.416667	0.000000
58.500000	0.000000
58.583334	0.000000
58.666667	0.000000
58.750000	0.000000
58.833334	0.000000
58.916667	0.000000
59.000000	0.000000
59.083334	0.000000
59.166667	0.000000
59.250000	0.000000
59.333334	0.000000
59.416667	0.000000
59.500000	0.000000
59.583334	0.000000
59.666667	0.000000
59.750000	0.000000
59.833334	0.000000
59.916667	0.000000
60.000000	0.000000
60.083334	0.000000
60.166667	0.000000
60.250000	0.000000
60.333334	0.000000
60.416667	0.000000
60.500000	0.000000
60.583334	0.000000
60.666667	0.000000
60.750000	0.000000
60.833334	0.000000
60.916667	0.000000
61.000000	0.000000
61.083334	0.000000
61.166667	0.000000
61.250000	0.000000
61.333334	0.000000
61.416667	0.000000
61.500000	0.000000
61.583334	0.000000
61.666667	0.000000
61.750000	0.000000
61.833334	0.000000
61.916667	0.000000
62.000000	0.000000
62.083334	0.000000
62.166667	0.000000
62.250000	0.000000
62.333334	0.000000
62.416667	0.000000
62.500000	0.000000
62.583334	0.000000
62.666667	0.000000
62.750000	0.000000
62.833334	0.000000
62.916667	0.000000
63.000000	0.000000
63.083334	0.000000
63.166667	0.000000
63.250000	0.000000
63.333334	0.000000
63.416667	0.000000
63.500000	0.000000
63.583334	0.000000
63.666667	0.000000
63.750000	0.000000
63.833334	0.000000
63.916667	0.000000
64.000000	0.000000
64.083334	0.000000
64.166667	0.000000
64.250000	0.000000
64.333334	0.000000
64.416667	0.000000
64.500000	0.000000
64.583334	0.000000
64.666667	0.000000
64.750000	0.000000
64.833334	0.000000
64.916667	0.000000
65.000000	0.000000
65.083334	0.000000
65.166667	0.000000
65.250000	0.000000
65.333334	0.000000
65.416667	0.000000
65.500000	0.000000
65.583334	0.000000
65.666667	0.000000
65.750000	0.000000
65.833334	0.000000
65.916667	0.000000
66.000000	0.000000
66.083334	0.000000
66.166667	0.000000
66.250000	0.000000
66.333334	0.000000
66.416667	0.000000
66.500000	0.000000
66.583334	0.000000
66.666667	0.000000
66.750000	0.000000
66.833334	0.000000
66.916667	0.000000
67.000001	0.000000
67.083334	0.000000
67.166667	0.000000
67.250001	0.000000
67.333334	0.000000
67.416667	0.000000
67.500001	0.000000
67.583334	0.000000
67.666667	0.000000
67.750001	0.000000
67.833334	0.000000
67.916667	0.000000
68.000001	0.000000
68.083334	0.000000
68.166667	0.000000
68.250001	0.000000
68.333334	0.000000
68.416667	0.000000
68.500001	0.000000
68.583334	0.000000
68.666667	0.000000
68.750001	0.000000
68.833334	0.000000
68.916667	0.000000
69.000001	0.000000
69.083334	0.000000
69.166667	0.000000
69.250001	0.000000
69.333334	0.000000
69.416667	0.000000
69.500001	0.000000
69.583334	0.000000
69.666667	0.000000
69.750001	0.000000
69.833334	0.000000
69.916667	0.000000
70.000001	0.000000
70.083334	0.000000
70.166667	0.000000
70.250001	0.000000
70.333334	0.000000
70.416667	0.000000
70.500001	0.000000
70.583334	0.000000
70.666667	0.000000
70.750001	0.000000
70.833334	0.000000
70.916667	0.000000
71.000001	0.000000
71.083334	0.000000
71.166667	0.000000
71.250001	0.000000
71.333334	0.000000
71.416667	0.000000
71.500001	0.000000
71.583334	0.000000
71.666667	0.000000
71.750001	0.000000
71.833334	0.000000
71.916667	0.000000
72.000001	0.000000
72.083334	0.000000
72.166667	0.000000
72.250001	0.000000
72.333334	0.000000
72.416667	0.000000
72.500001	0.000000
72.583334	0.000000
72.666667	0.000000
72.750001	0.000000
72.833334	0.000000
72.916667	0.000000
73.000001	0.000000
73.083334	77.149284
73.166667	130.569427
73.250001	41.399998
73.333334	3.848528
73.416667	0.000000
73.500001	0.000000
73.583334	0.000000
73.666667	0.008478
73.750001	0.005655
73.833334	0.001011
73.916667	0.000000
74.000001	0.000000
74.083334	0.000000
74.166667	0.000000
74.250001	0.000001
74.333334	0.000000
74.416667	0.000000
74.500001	0.000000
74.583334	0.000000
74.666667	0.000000
74.750001	0.000000
74.833334	0.000000
74.916667	0.000000
75.000001	0.000000
75.083334	0.000000
75.166667	0.000000
75.250001	0.000000
75.333334	0.000000
75.416667	0.000000
75.500001	0.000000
75.583334	0.000000
75.666667	0.000000
75.750001	0.000000
75.833334	0.000000
75.916667	0.000000
76.000001	0.000000
76.083334	0.000000
76.166667	0.000000
76.250001	0.000000
76.333334	0.000000
76.416667	0.000000
76.500001	0.000000
76.583334	0.000000
76.666667	0.000000
76.750001	0.000000
76.833334	0.000000
76.916667	0.000000
77.000001	0.000000
77.083334	0.000000
77.166667	0.000000
77.250001	0.000000
77.333334	0.000000
77.416667	0.000000
77.500001	0.000000
77.583334	0.000000
77.666667	0.000000
77.750001	0.000000
77.833334	0.000000
77.916667	0.000000
78.000001	0.000000
78.083334	0.000000
78.166668	0.000000
78.250001	0.000000
78.333334	0.000000
78.416668	0.000000
78.500001	0.000000
78.583334	0.000000
78.666668	0.000000
78.750001	0.000000
78.833334	0.000000
78.916668	0.000000
79.000001	0.000000
79.083334	0.000000
79.166668	0.000000
79.250001	0.000000
79.333334	0.000000
79.416668	0.000000
79.500001	0.000000
79.583334	0.000000
79.666668	0.000000
79.750001	0.000000
79.833334	0.000000
79.916668	0.000000
80.000001	0.000000
80.083334	0.000000
80.166668	0.000000
80.250001	0.000000
80.333334	0.000000
80.416668	0.000000
80.500001	0.000000
80.583334	0.000000
80.666668	0.000000
80.750001	0.000000
80.833334	0.000000
80.916668	0.000000
81.000001	0.000000
81.083334	0.000000
81.166668	0.000000
81.250001	0.000000
81.333334	0.000000
81.416668	0.000000
81.500001	0.000000
81.583334	0.000000
81.666668	0.000000
81.750001	0.000000
81.833334	0.000000
81.916668	0.000000
82.000001	0.000000
82.083334	0.000000
82.166668	0.000000
82.250001	0.000000
82.333334	0.000000
82.416668	0.000000
82.500001	0.000000
82.583334	0.000000
82.666668	0.000000
82.750001	0.000000
82.833334	0.000000
82.916668	0.000000
83.000001	0.000000
83.083334	0.000000
83.166668	0.000000
83.250001	0.000000
83.333334	0.000000
83.416668	0.000000
83.500001	0.000000
83.583334	0.000000
83.666668	0.000000
83.750001	0.000000
83.833334	0.000000
83.916668	0.000000
84.000001	0.000000
84.083334	0.000000
84.166668	0.000000
84.250001	0.000000
84.333334	0.000000
84.416668	0.000000
84.500001	0.000000
84.583334	0.000000
84.666668	0.000000
84.750001	0.000000
84.833334	0.000000
84.916668	0.000000
85.000001	0.000000
85.083334	0.000000
85.166668	0.000000
85.250001	0.000000
85.333334	0.000000
85.416668	0.000000
85.500001	0.000000
85.583334	0.000000
85.666668	0.000000
85.750001	0.000000
85.833334	0.000000
85.916668	0.000000
86.000001	0.000000
86.083334	0.000000
86.166668	0.000000
86.250001	0.000000
86.333334	0.000000
86.416668	0.000000
86.500001	0.000000
86.583334	0.000000
86.666668	0.000000
86.750001	0.000000
86.833334	0.000000
86.916668	0.000000
87.000001	0.000000
87.083334	0.000000
87.166668	0.000000
87.250001	0.000000
87.333334	0.000000
87.416668	0.000000
87.500001	0.000000
87.583334	0.000000
87.666668	0.000000
87.750001	0.000000
87.833334	0.000000
87.916668	0.000000
88.000001	0.000000
88.083334	0.000000
88.166668	0.000000
88.250001	0.000000
88.333334	0.000000
88.416668	0.000000
88.500001	0.000000
88.583334	0.000000
88.666668	0.000000
88.750001	0.000000
88.833334	0.000000
88.916668	0.000000
89.000001	0.000000
89.083334	0.000000
89.166668	0.000000
89.250001	0.000000
89.333335	0.000000
89.416668	0.000000
89.500001	0.000000
89.583335	0.000000
89.666668	0.000000
89.750001	0.000000
89.833335	0.000000
89.916668	0.000000
90.000001	0.000000
90.083335	0.000000
90.166668	0.000000
90.250001	0.000000
90.333335	0.000000
90.416668	0.000000
90.500001	0.000000
90.583335	0.000000
90.666668	0.000000
90.750001	0.000000
90.833335	0.000000
90.916668	0.000000
91.000001	0.000000
91.083335	0.000000
91.166668	0.000000
91.250001	0.000000
91.333335	0.000000
91.416668	0.000000
91.500001	0.000000
91.583335	0.000000
91.666668	0.000000
91.750001	0.000000
91.833335	0.000000
91.916668	0.000000
92.000001	0.000000
92.083335	0.000000
92.166668	0.000000
92.250001	0.000000
92.333335	0.000000
92.416668	0.000000
92.500001	0.000000
92.583335	0.000000
92.666668	0.000000
92.750001	0.000000
92.833335	0.000000
92.916668	0.000000
93.000001	0.000000
93.083335	0.000000
93.166668	0.000000
93.250001	0.000000
93.333335	0.000000
93.416668	0.000000
93.500001	0.000000
93.583335	0.000000
93.666668	0.000000
93.750001	0.000000
93.833335	0.000000
93.916668	0.000000
94.000001	0.000000
94.083335	0.000000
94.166668	0.000000
94.250001	0.000000
94.333335	0.000000
94.416668	0.000000
94.500001	0.000000
94.583335	4.645092
94.666668	75.542381
94.750001	63.161247
94.833335	13.513330
94.916668	0.191890
95.000001	0.000000
95.083335	0.000000
95.166668	0.000000
95.250001	0.006185
95.333335	0.002186
95.416668	0.000240
95.500001	0.000000
95.583335	0.000000
95.666668	0.000000
95.750001	0.000000
95.833335	0.000000
95.916668	0.000000
96.000001	0.000000
96.083335	0.000000
96.166668	0.000000
96.250001	0.000000
96.333335	0.000000
96.416668	0.000000
96.500001	0.000000
96.583335	0.000000
96.666668	0.000000
96.750001	0.000000
96.833335	0.000000
96.916668	0.000000
97.000001	0.000000
97.083335	0.000000
97.166668	0.000000
97.250001	0.000000
97.333335	0.000000
97.416668	0.000000
97.500001	0.000000
97.583335	0.000000
97.666668	0.000000
97.750001	0.000000
97.833335	0.000000
97.916668	0.000000
98.000001	0.000000
98.083335	0.000000
98.166668	0.000000
98.250001	0.000000
98.333335	0.000000
98.416668	0.000000
98.500001	0.000000
98.583335	0.000000
98.666668	0.000000
98.750001	0.000000
98.833335	0.000000
98.916668	0.000000
99.000001	0.000000
99.083335	0.000000
99.166668	0.000000
99.250001	0.000000
99.333335	0.000000
99.416668	0.000000
99.500001	0.000000
99.583335	0.000000
99.666668	0.000000
99.750001	0.000000
99.833335	0.000000
99.916668	0.000000
100.000001	0.000000
100.083335	0.000000
100.166668	0.000000
100.250001	0.000000
100.333335	0.000000
100.416668	0.000000
100.500002	0.000000
100.583335	0.000000
100.666668	0.000000
100.750002	0.000000
100.833335	0.000000
100.916668	0.000000
101.000002	0.000000
101.083335	0.000000
101.166668	0.000000
101.250002	0.000000
101.333335	0.000000
101.416668	0.000000
101.500002	0.000000
101.583335	0.000000
101.666668	0.000000
101.750002	0.000000
101.833335	0.000000
101.916668	0.000000
102.000002	0.000000
102.083335	0.000000
102.166668	0.000000
102.250002	0.000000
102.333335	0.000000
102.416668	0.000000
102.500002	0.000000
102.583335	0.000000
102.666668	0.000000
102.750002	0.000000
102.833335	0.000000
102.916668	0.000000
103.000002	0.000000
103.083335	0.000000
103.166668	0.000000
103.250002	0.000000
103.333335	0.000000
103.416668	0.000000
103.500002	0.000000
103.583335	0.000000
103.666668	0.000000
103.750002	0.000000
103.833335	0.000000
103.916668	0.000000
104.000002	0.000000
104.083335	0.000000
104.166668	0.000000
104.250002	0.000000
104.333335	0.000000
104.416668	0.000000
104.500002	0.000000
104.583335	0.000000
104.666668	0.000000
104.750002	0.000000
104.833335	0.000000
104.916668	0.000000
105.000002	0.000000
105.083335	0.000000
105.166668	0.000000
105.250002	0.000000
105.333335	0.000000
105.416668	0.000000
105.500002	0.000000
105.583335	0.000000
105.666668	0.000000
105.750002	0.000000
105.833335	0.000000
105.916668	0.000000
106.000002	0.000000
106.083335	0.000000
106.166668	0.000000
106.250002	0.000000
106.333335	0.000000
106.416668	0.000000
106.500002	0.000000
106.583335	0.000000
106.666668	0.000000
106.750002	0.000000
106.833335	0.000000
106.916668	0.000000
107.000002	0.000000
107.083335	0.000000
107.166668	0.000000
107.250002	0.000000
107.333335	0.000000
107.416668	0.000000
107.500002	0.000000
107.583335	0.000000
107.666668	0.000000
107.750002	0.000000
107.833335	0.000000
107.916668	0.000000
108.000002	0.000000
108.083335	0.000000
108.166668	0.000000
108.250002	0.000000
108.333335	0.000000
108.416668	0.000000
108.500002	0.000000
108.583335	0.000000
108.666668	0.000000
108.750002	0.000000
108.833335	0.000000
108.916668	0.000000
109.000002	0.000000
109.083335	0.000000
109.166668	0.000000
109.250002	0.000000
109.333335	0.000000
109.416668	0.000000
109.500002	0.000000
109.583335	0.000000
109.666668	0.000000
109.750002	0.000000
109.833335	0.000000
109.916668	0.000000
110.000002	0.000000
110.083335	0.000000
110.166668	0.000000
110.250002	0.000000
110.333335	0.000000
110.416668	0.000000
110.500002	0.000000
110.583335	0.000000
110.666668	0.000000
110.750002	0.000000
110.833335	0.000000
110.916668	0.000000
111.000002	0.000000
111.083335	0.000000
111.166668	0.000000
111.250002	0.000000
111.333335	0.000000
111.416668	0.000000
111.500002	0.000000
111.583335	0.000000
111.666669	0.000000
111.750002	0.000000
111.833335	0.000000
111.916669	0.000000
112.000002	0.000000
112.083335	0.000000
112.166669	0.000000
112.250002	0.000000
112.333335	0.000000
112.416669	0.000000
112.500002	0.000000
112.583335	0.000000
112.666669	0.000000
112.750002	0.000000
112.833335	0.000000
112.916669	0.000000
113.000002	0.000000
113.083335	0.000000
113.166669	0.000000
113.250002	0.000000
113.333335	0.000000
113.416669	0.000000
113.500002	0.000000
113.583335	0.000000
113.666669	0.000000
113.750002	0.000000
113.833335	0.000000
113.916669	0.000000
114.000002	0.000000
114.083335	0.000000
114.166669	0.000000
114.250002	0.000000
114.333335	0.000000
114.416669	0.000000
114.500002	0.000000
114.583335	0.000000
114.666669	0.000000
114.750002	0.000000
114.833335	0.000000
114.916669	0.000000
115.000002	0.000000
115.083335	0.000000
115.166669	0.000000
115.250002	0.000000
115.333335	0.000000
115.416669	0.000000
115.500002	0.000000
115.583335	0.000000
115.666669	0.000000
115.750002	0.000000
115.833335	0.000000
115.916669	0.000000
116.000002	0.000000
116.083335	0.000000
116.166669	0.000000
116.250002	0.000000
116.333335	0.000000
116.416669	0.000000
116.500002	0.000000
116.583335	0.000000
116.666669	0.000000
116.750002	0.000000
116.833335	0.000000
116.916669	0.000000
117.000002	0.000000
117.083335	0.000000
117.166669	0.000000
117.250002	0.000000
117.333335	0.000000
117.416669	0.000000
117.500002	0.000000
117.583335	0.000000
117.666669	0.000000
117.750002	0.000000
117.833335	0.000000
117.916669	0.000000
118.000002	0.000000
118.083335	0.000000
118.166669	0.000000
118.250002	0.000000
118.333335	0.000000
118.416669	0.000000
118.500002	0.000000
118.583335	0.000000
118.666669	0.000000
118.750002	0.000000
118.833335	0.000000
118.916669	0.000000
119.000002	0.000000
119.083335	0.000000
119.166669	0.000000
119.250002	0.000000
119.333335	0.000000
119.416669	0.000000
119.500002	0.000000
119.583335	0.000000
119.666669	0.000000
119.750002	0.000000
119.833335	0.000000
119.916669	0.000000
120.000002	0.000000
120.083335	0.000000
120.166669	0.000000
120.250002	0.000000
120.333335	0.000000
120.416669	0.000000
120.500002	0.000000
120.583335	0.000000
120.666669	0.000000
120.750002	0.000000
120.833335	0.000000
120.916669	0.000000
121.000002	0.000000
121.083335	0.000000
121.166669	0.000000
121.250002	0.000000
121.333335	0.000000
121.416669	0.000000
121.500002	0.000000
121.583335	0.000000
121.666669	0.000000
121.750002	0.000000
121.833335	0.000000
121.916669	0.000000
122.000002	0.000000
122.083335	0.000000
122.166669	0.000000
122.250002	0.000000
122.333335	0.000000
122.416669	0.000000
122.500002	0.000000
122.583335	0.000000
122.666669	0.000000
122.750002	0.000000
122.833336	0.000000
122.916669	0.000000
123.000002	0.000000
123.083336	0.000000
123.166669	0.000000
123.250002	0.000000
123.333336	0.000000
123.416669	0.000000
123.500002	0.000000
123.583336	0.000000
123.666669	0.000000
123.750002	0.000000
123.833336	0.000000
123.916669	0.000000
124.000002	0.000000
124.083336	0.000000
124.166669	0.000000
124.250002	0.000000
124.333336	0.000000
124.416669	0.000000
124.500002	0.000000
124.583336	0.000000
124.666669	0.000000
124.750002	0.000000
124.833336	0.000000
124.916669	0.000000
125.000002	0.000000
125.083336	0.000000
125.166669	0.000000
125.250002	0.000000
125.333336	0.000000
125.416669	0.000000
125.500002	0.000000
125.583336	0.000000
125.666669	0.000000
125.750002	0.000000
125.833336	0.000000
125.916669	0.000000
126.000002	0.000000
126.083336	0.000000
126.166669	0.000000
126.250002	0.000000
126.333336	0.000000
126.416669	0.000000
126.500002	0.000000
126.583336	0.000000
126.666669	0.000000
126.750002	0.000000
126.833336	0.000000
126.916669	0.000000
127.000002	0.000000
127.083336	0.000000
127.166669	0.000000
127.250002	0.000000
127.333336	0.000000
127.416669	0.000000
127.500002	0.000000
127.583336	0.000000
127.666669	0.000000
127.750002	0.000000
127.833336	0.000000
127.916669	0.000000
128.000002	0.000000
128.083336	0.000000
128.166669	0.000000
128.250002	0.000000
128.333336	0.000000
128.416669	0.000000
128.500002	0.000000
128.583336	0.000000
128.666669	0.000000
128.750002	0.000000
128.833336	0.000000
128.916669	0.000000
129.000002	0.000000
129.083336	0.000000
129.166669	0.000000
129.250002	0.000000
129.333336	0.000000
129.416669	0.000000
129.500002	0.000000
129.583336	0.000000
129.666669	0.000000
129.750002	0.000000
129.833336	0.000000
129.916669	0.000000
130.000002	0.000000
130.083336	0.000000
130.166669	0.000000
130.250002	0.000000
130.333336	0.000000
130.416669	0.000000
130.500002	0.000000
130.583336	0.000000
130.666669	0.000000
130.750002	0.000000
130.833336	0.000000
130.916669	0.000000
131.000002	0.000000
131.083336	0.000000
131.166669	0.000000
131.250002	0.000000
131.333336	0.000000
131.416669	0.000000
131.500002	0.000000
131.583336	0.000000
131.666669	0.000000
131.750002	0.000000
131.833336	0.000000
131.916669	0.000000
132.000002	0.000000
132.083336	0.000000
132.166669	0.000000
132.250002	0.000000
132.333336	0.000000
132.416669	0.000000
132.500002	0.000000
132.583336	0.000000
132.666669	0.000000
132.750002	0.000000
132.833336	0.000000
132.916669	0.000000
133.000002	0.000000
133.083336	0.000000
133.166669	0.000000
133.250002	0.000000
133.333336	0.000000
133.416669	0.000000
133.500002	0.000000
133.583336	0.000000
133.666669	0.000000
133.750002	0.000000
133.833336	0.000000
133.916669	0.000000
134.000003	0.000000
134.083336	0.000000
134.166669	0.000000
134.250003	0.000000
134.333336	0.000000
134.416669	0.000000
134.500003	0.000000
134.583336	0.000000
134.666669	0.000000
134.750003	0.000000
134.833336	0.000000
134.916669	0.000000
135.000003	0.000000
135.083336	0.000000
135.166669	0.000000
135.250003	0.000000
135.333336	0.000000
135.416669	0.000000
135.500003	0.000000
135.583336	0.000000
135.666669	0.000000
135.750003	0.000000
135.833336	0.000000
135.916669	0.000000
136.000003	0.000000
136.083336	0.000000
136.166669	0.000000
136.250003	0.000000
136.333336	0.000000
136.416669	0.000000
136.500003	0.000000
136.583336	0.000000
136.666669	0.000000
136.750003	0.000000
136.833336	0.000000
136.916669	0.000000
137.000003	0.000000
137.083336	0.000000
137.166669	0.000000
137.250003	0.000000
137.333336	0.000000
137.416669	0.000000
137.500003	0.000000
137.583336	0.000000
137.666669	0.000000
137.750003	0.000000
137.833336	0.000000
137.916669	0.000000
138.000003	0.000000
138.083336	40.822800
138.166669	91.166321
138.250003	29.778044
138.333336	2.910438
138.416669	0.000000
138.500003	0.000000
138.583336	0.000000
138.666669	0.005642
138.750003	0.004022
138.833336	0.000739
138.916669	0.000000
139.000003	0.000000
139.083336	0.000000
139.166669	0.000000
139.250003	0.000000
139.333336	0.000000
139.416669	0.000000
139.500003	0.000000
139.583336	0.000000
139.666669	0.000000
139.750003	0.000000
139.833336	0.000000
139.916669	0.000000
140.000003	0.000000
140.083336	0.000000
140.166669	0.000000
140.250003	0.000000
140.333336	0.000000
140.416669	0.000000
140.500003	0.000000
140.583336	0.000000
140.666669	0.000000
140.750003	0.000000
140.833336	0.000000
140.916669	0.000000
141.000003	0.000000
141.083336	0.000000
141.166669	0.000000
141.250003	0.000000
141.333336	0.000000
141.416669	0.000000
141.500003	0.000000
141.583336	0.000000
141.666669	0.000000
141.750003	0.000000
141.833336	0.000000
141.916669	0.000000
142.000003	0.000000
142.083336	0.000000
142.166669	0.000000
142.250003	0.000000
142.333336	0.000000
142.416669	0.000000
142.500003	0.000000
142.583336	0.000000
142.666669	0.000000
142.750003	0.000000
142.833336	0.000000
142.916669	0.000000
143.000003	0.000000
143.083336	0.000000
143.166669	0.000000
143.250003	0.000000
143.333336	0.000000
143.416669	0.000000
143.500003	0.000000
143.583336	0.000000
143.666669	0.000000
143.750003	0.000000
143.833336	0.000000
143.916669	0.000000
144.000003	0.000000
144.083336	0.000000
144.166669	0.000000
144.250003	0.000000
144.333336	0.000000
144.416669	0.000000
144.500003	0.000000
144.583336	0.000000
144.666669	0.000000
144.750003	0.000000
144.833336	0.000000
144.916669	0.000000
145.000003	0.000000
145.083336	0.000000
145.166670	0.000000
145.250003	0.000000
145.333336	0.000000
145.416670	0.000000
145.500003	0.000000
145.583336	0.000000
145.666670	0.000000
145.750003	0.000000
145.833336	0.000000
145.916670	0.000000
146.000003	0.000000
146.083336	0.000000
146.166670	0.000000
146.250003	0.000000
146.333336	0.000000
146.416670	0.000000
146.500003	0.000000
146.583336	0.000000
146.666670	0.000000
146.750003	0.000000
146.833336	0.000000
146.916670	0.000000
147.000003	0.000000
147.083336	0.000000
147.166670	0.000000
147.250003	0.000000
147.333336	0.000000
147.416670	0.000000
147.500003	0.000000
147.583336	0.000000
147.666670	0.000000
147.750003	0.000000
147.833336	0.000000
147.916670	0.000000
148.000003	0.000000
148.083336	0.000000
148.166670	0.000000
148.250003	0.000000
148.333336	0.000000
148.416670	0.000000
148.500003	0.000000
148.583336	0.000000
148.666670	0.000000
148.750003	0.000000
148.833336	0.000000
148.916670	0.000000
149.000003	0.000000
149.083336	0.000000
149.166670	0.000000
149.250003	0.000000
149.333336	0.000000
149.416670	0.000000
149.500003	0.000000
149.583336	0.000000
149.666670	0.000000
149.750003	0.000000
149.833336	0.000000
149.916670	0.000000
150.000003	0.000000
150.083336	0.000000
150.166670	0.000000
150.250003	0.000000
150.333336	0.000000
150.416670	0.000000
150.500003	0.000000
150.583336	0.000000
150.666670	0.000000
150.750003	0.000000
150.833336	0.000000
150.916670	0.000000
151.000003	0.000000
151.083336	0.000000
151.166670	0.000000
151.250003	0.000000
151.333336	0.000000
151.416670	0.000000
151.500003	0.000000
151.583336	0.000000
151.666670	0.000000
151.750003	0.000000
151.833336	0.000000
151.916670	0.000000
152.000003	0.000000
152.083336	0.000000
152.166670	0.000000
152.250003	0.000000
152.333336	0.000000
152.416670	0.000000
152.500003	0.000000
152.583336	0.000000
152.666670	0.000000
152.750003	0.000000
152.833336	0.000000
152.916670	0.000000
153.000003	0.000000
153.083336	0.000000
153.166670	0.000000
153.250003	0.000000
153.333336	0.000000
153.416670	0.000000
153.500003	0.000000
153.583336	0.000000
153.666670	0.000000
153.750003	0.000000
153.833336	0.000000
153.916670	0.000000
154.000003	0.000000
154.083336	0.000000
154.166670	0.000000
154.250003	0.000000
154.333336	0.000000
154.416670	0.000000
154.500003	0.000000
154.583336	0.000000
154.666670	0.000000
154.750003	0.000000
154.833336	0.000000
154.916670	0.000000
155.000003	0.000000
155.083336	0.000000
155.166670	0.000000
155.250003	0.000000
155.333336	0.000000
155.416670	0.000000
155.500003	0.000000
155.583336	0.000000
155.666670	0.000000
155.750003	0.000000
155.833336	0.000000
155.916670	0.000000
156.000003	0.000000
156.083336	0.000000
156.166670	0.000000
156.250003	0.000000
156.333337	0.000000
156.416670	0.000000
156.500003	0.000000
156.583337	0.000000
156.666670	0.000000
156.750003	0.000000
156.833337	0.000000
156.916670	0.000000
157.000003	0.000000
157.083337	0.000000
157.166670	0.000000
157.250003	0.000000
157.333337	0.000000
157.416670	0.000000
157.500003	0.000000
157.583337	0.000000
157.666670	0.000000
157.750003	0.000000
157.833337	0.000000
157.916670	0.000000
158.000003	0.000000
158.083337	0.000000
158.166670	0.000000
158.250003	0.000000
158.333337	0.000000
158.416670	0.000000
158.500003	0.000000
158.583337	0.000000
158.666670	0.000000
158.750003	0.000000
158.833337	0.000000
158.916670	0.000000
159.000003	0.000000
159.083337	0.000000
159.166670	0.000000
159.250003	0.000000
159.333337	0.000000
159.416670	0.000000
159.500003	0.000000
159.583337	0.000000
159.666670	0.000000
159.750003	0.000000
159.833337	0.000000
159.916670	0.000000
160.000003	0.000000
160.083337	0.000000
160.166670	0.000000
160.250003	0.000000
160.333337	0.000000
160.416670	0.000000
160.500003	0.000000
160.583337	0.000000
160.666670	0.000000
160.750003	0.000000
160.833337	0.000000
160.916670	0.000000
161.000003	0.000000
161.083337	0.000000
161.166670	0.000000
161.250003	0.000000
161.333337	0.000000
161.416670	0.000000
161.500003	0.000000
161.583337	0.000000
161.666670	0.000000
161.750003	0.000000
161.833337	0.000000
161.916670	0.000000
162.000003	0.000000
162.083337	0.000000
162.166670	0.000000
162.250003	0.000000
162.333337	0.000000
162.416670	0.000000
162.500003	0.000000
162.583337	0.000000
162.666670	0.000000
162.750003	0.000000
162.833337	0.000000
162.916670	0.000000
163.000003	0.000000
163.083337	0.000000
163.166670	0.000000
163.250003	0.000000
163.333337	0.000000
163.416670	0.000000
163.500003	0.000000
163.583337	0.000000
163.666670	0.000000
163.750003	0.000000
163.833337	0.000000
163.916670	0.000000
164.000003	0.000000
164.083337	0.000000
164.166670	0.000000
164.250003	0.000000
164.333337	0.000000
164.416670	0.000000
164.500003	0.000000
164.583337	0.000000
164.666670	0.000000
164.750003	0.000000
164.833337	0.000000
164.916670	0.000000
165.000003	0.000000
165.083337	0.000000
165.166670	0.000000
165.250003	0.000000
165.333337	0.000000
165.416670	0.000000
165.500003	0.000000
165.583337	0.000000
165.666670	0.000000
165.750003	0.000000
165.833337	0.000000
165.916670	0.000000
166.000003	0.000000
166.083337	0.000000
166.166670	0.000000
166.250003	0.000000
166.333337	0.000000
166.416670	0.000000
166.500003	0.000000
166.583337	0.000000
166.666670	0.000000
166.750003	0.000000
166.833337	0.000000
166.916670	0.000000
167.000003	0.000000
167.083337	0.000000
167.166670	0.000000
167.250003	0.000000
167.333337	0.000000
167.416670	0.000000
167.500004	0.000000
167.583337	0.000000
167.666670	0.000000
167.750004	0.000000
167.833337	0.000000
167.916670	0.000000
168.000004	0.000000
168.083337	0.000000
168.166670	0.000000
168.250004	0.000000
168.333337	0.000000
168.416670	0.000000
168.500004	0.000000
168.583337	0.000000
168.666670	0.000000
168.750004	0.000000
168.833337	0.000000
168.916670	0.000000
169.000004	0.000000
169.083337	0.000000
169.166670	0.000000
169.250004	0.000000
169.333337	0.000000
169.416670	0.000000
169.500004	0.000000
169.583337	0.000000
169.666670	0.000000
169.750004	0.000000
169.833337	0.000000
169.916670	0.000000
170.000004	0.000000
170.083337	0.000000
170.166670	0.000000
170.250004	0.000000
170.333337	0.000000
170.416670	0.000000
170.500004	0.000000
170.583337	0.000000
170.666670	0.000000
170.750004	0.000000
170.833337	0.000000
170.916670	0.000000
171.000004	0.000000
171.083337	0.000000
171.166670	0.000000
171.250004	0.000000
171.333337	0.000000
171.416670	0.000000
171.500004	0.000000
171.583337	0.000000
171.666670	0.000000
171.750004	0.000000
171.833337	0.000000
171.916670	0.000000
172.000004	0.000000
172.083337	0.000000
172.166670	0.000000
172.250004	0.000000
172.333337	0.000000
172.416670	0.000000
172.500004	0.000000
172.583337	0.000000
172.666670	0.000000
172.750004	0.000000
172.833337	0.000000
172.916670	0.000000
173.000004	0.000000
173.083337	0.000000
173.166670	0.000000
173.250004	0.000000
173.333337	0.000000
173.416670	0.000000
173.500004	0.000000
173.583337	0.000000
173.666670	0.000000
173.750004	0.000000
173.833337	0.000000
173.916670	0.000000
174.000004	0.000000
174.083337	0.000000
174.166670	0.000000
174.250004	0.000000
174.333337	0.000000
174.416670	0.000000
174.500004	0.000000
174.583337	0.000000
174.666670	0.000000
174.750004	0.000000
174.833337	0.000000
174.916670	0.000000
175.000004	0.000000
175.083337	0.000000
175.166670	0.000000
175.250004	0.000000
175.333337	0.000000
175.416670	0.000000
175.500004	0.000000
175.583337	0.000000
175.666670	0.000000
175.750004	0.000000
175.833337	0.000000
175.916670	0.000000
176.000004	0.000000
176.083337	0.000000
176.166670	0.000000
176.250004	0.000000
176.333337	0.000000
176.416670	0.000000
176.500004	0.000000
176.583337	0.000000
176.666670	0.000000
176.750004	0.000000
176.833337	0.000000
176.916670	0.000000
177.000004	0.000000
177.083337	0.000000
177.166670	0.000000
177.250004	0.000000
177.333337	0.000000
177.416670	0.000000
177.500004	0.000000
177.583337	0.000000
177.666670	0.000000
177.750004	0.000000
177.833337	0.000000
177.916670	0.000000
178.000004	0.000000
178.083337	0.000000
178.166670	0.000000
178.250004	0.000000
178.333337	0.000000
178.416670	0.000000
178.500004	0.000000
178.583337	0.000000
178.666671	0.000000
178.750004	0.000000
178.833337	0.000000
178.916671	0.000000
179.000004	0.000000
179.083337	0.000000
179.166671	0.000000
179.250004	0.000000
179.333337	0.000000
179.416671	0.000000
179.500004	0.000000
179.583337	0.000000
179.666671	0.000000
179.750004	0.000000
179.833337	0.000000
179.916671	0.000000
180.000004	0.000000
180.083337	0.000000
180.166671	0.000000
180.250004	0.000000
180.333337	0.000000
180.416671	0.000000
180.500004	0.000000
180.583337	0.000000
180.666671	0.000000
180.750004	0.000000
180.833337	0.000000
180.916671	0.000000
181.000004	0.000000
181.083337	0.000000
181.166671	0.000000
181.250004	0.000000
181.333337	0.000000
181.416671	0.000000
181.500004	0.000000
181.583337	0.000000
181.666671	0.000000
181.750004	0.000000
181.833337	0.000000
181.916671	0.000000
182.000004	0.000000
182.083337	0.000000
182.166671	0.000000
182.250004	0.000000
182.333337	0.000000
182.416671	0.000000
182.500004	0.000000
182.583337	0.000000
182.666671	0.000000
182.750004	0.000000
182.833337	0.000000
182.916671	0.000000
183.000004	0.000000
183.083337	0.000000
183.166671	0.000000
183.250004	0.000000
183.333337	0.000000
183.416671	0.000000
183.500004	0.000000
183.583337	0.000000
183.666671	0.000000
183.750004	0.000000
183.833337	0.000000
183.916671	0.000000
184.000004	0.000000
184.083337	4.207115
184.166671	261.686035
184.250004	384.185333
184.333337	147.394562
184.416671	19.187654
184.500004	0.000000
184.583337	0.000000
184.666671	0.000000
184.750004	8.256479
184.833337	200.897675
184.916671	503.095306
185.000004	621.044861
185.083337	650.114746
185.166671	797.172668
185.250004	541.590820
185.333337	174.757584
185.416671	18.394917
185.500004	105.318962
185.583337	554.477417
185.666671	1079.673218
185.750004	1313.264893
185.833337	1638.015259
185.916671	2134.959473
186.000004	1798.180054
186.083337	2150.967285
186.166671	2622.402344
186.250004	1926.756348
186.333337	735.923706
186.416671	121.142723
186.500004	0.000000
186.583337	0.000000
186.666671	0.000000
186.750004	0.000000
186.833337	0.082748
186.916671	0.022316
187.000004	0.001434
187.083337	0.000000
187.166671	0.000000
187.250004	0.000000
187.333337	0.000007
187.416671	0.000003
187.500004	0.000000
187.583337	0.000000
187.666671	0.000000
187.750004	0.000000
187.833337	0.000000
187.916671	0.000000
188.000004	0.000000
188.083337	0.000000
188.166671	0.000000
188.250004	0.000000
188.333337	0.000000
188.416671	0.000000
188.500004	0.000000
188.583337	0.000000
188.666671	0.000000
188.750004	0.000000
188.833337	0.000000
188.916671	0.000000
189.000004	0.000000
189.083337	0.000000
189.166671	0.000000
189.250004	0.000000
189.333337	0.000000
189.416671	0.000000
189.500004	0.000000
189.583337	0.000000
189.666671	0.000000
189.750004	0.000000
189.833338	0.000000
189.916671	0.000000
190.000004	0.000000
190.083338	0.000000
190.166671	0.000000
190.250004	0.000000
190.333338	0.000000
190.416671	0.000000
190.500004	0.000000
190.583338	0.000000
190.666671	0.000000
190.750004	0.000000
190.833338	0.000000
190.916671	0.000000
191.000004	0.000000
191.083338	0.000000
191.166671	0.000000
191.250004	0.000000
191.333338	0.000000
191.416671	0.000000
191.500004	0.000000
191.583338	0.000000
191.666671	0.000000
191.750004	0.000000
191.833338	0.000000
191.916671	0.000000
192.000004	0.000000
192.083338	0.000000
192.166671	0.000000
192.250004	0.000000
192.333338	0.000000
192.416671	0.000000
192.500004	0.000000
192.583338	0.000000
192.666671	0.000000
192.750004	0.000000
192.833338	0.000000
192.916671	0.000000
193.000004	0.000000
193.083338	0.000000
193.166671	0.000000
193.250004	0.000000
193.333338	0.000000
193.416671	0.000000
193.500004	0.000000
193.583338	0.000000
193.666671	0.000000
193.750004	0.000000
193.833338	0.000000
193.916671	0.000000
194.000004	0.000000
194.083338	0.000000
194.166671	0.000000
194.250004	0.000000
194.333338	0.000000
194.416671	0.000000
194.500004	0.000000
194.583338	0.000000
194.666671	0.000000
194.750004	0.000000
194.833338	0.000000
194.916671	0.000000
195.000004	0.000000
195.083338	0.000000
195.166671	0.000000
195.250004	0.000000
195.333338	0.000000
195.416671	0.000000
195.500004	0.000000
195.583338	0.000000
195.666671	0.000000
195.750004	0.000000
195.833338	0.000000
195.916671	0.000000
196.000004	0.000000
196.083338	0.000000
196.166671	0.000000
196.250004	0.000000
196.333338	0.000000
196.416671	0.000000
196.500004	0.000000
196.583338	0.000000
196.666671	0.000000
196.750004	0.000000
196.833338	0.000000
196.916671	0.000000
197.000004	0.000000
197.083338	0.000000
197.166671	0.000000
197.250004	0.000000
197.333338	0.000000
197.416671	0.000000
197.500004	0.000000
197.583338	0.000000
197.666671	0.000000
197.750004	0.000000
197.833338	0.000000
197.916671	0.000000
198.000004	0.000000
198.083338	0.000000
198.166671	0.000000
198.250004	0.000000
198.333338	0.000000
198.416671	0.000000
198.500004	0.000000
198.583338	0.000000
198.666671	0.000000
198.750004	0.000000
198.833338	5.520345
198.916671	107.145020
199.000004	206.383240
199.083338	83.185257
199.166671	10.931431
199.250004	0.000000
199.333338	0.000000
199.416671	0.000000
199.500004	0.006770
199.583338	63.249298
199.666671	305.664307
199.750004	299.046051
199.833338	256.147369
199.916671	264.065002
200.000004	349.573761
200.083338	402.531891
200.166671	355.340485
200.250004	114.787193
200.333338	22.998199
200.416671	141.824142
200.500004	462.209137
200.583338	475.588165
200.666671	492.466553
200.750004	368.408478
200.833338	517.690796
200.916671	377.354919
201.000005	279.095245
201.083338	302.840424
201.166671	679.207703
201.250005	793.361084
201.333338	866.259460
201.416671	1727.314819
201.500005	2253.437500
201.583338	2696.148926
201.666671	3442.156006
201.750005	3272.615479
201.833338	4011.186523
201.916671	6221.843262
202.000005	8053.650879
202.083338	9530.571289
202.166671	11146.194336
202.250005	11447.840820
202.333338	13982.700195
202.416671	18082.234375
202.500005	22699.031250
202.583338	33850.738281
202.666671	47365.500000
202.750005	66073.210938
202.833338	99364.843750
202.916671	137405.718750
203.000005	197973.656250
203.083338	222850.046875
203.166671	225279.750000
203.250005	189633.750000
203.333338	119540.398438
203.416671	62965.664063
203.500005	26266.988281
203.583338	9828.124023
203.666671	4148.538086
203.750005	1968.997192
203.833338	819.411804
203.916671	333.174927
204.000005	468.754608
204.083338	300.075775
204.166671	230.568665
204.250005	539.354675
204.333338	509.662231
204.416671	469.605499
204.500005	560.810486
204.583338	280.505676
204.666671	59.618813
204.750005	0.689356
204.833338	57.589325
204.916671	524.938965
205.000005	465.283630
205.083338	163.756531
205.166671	86.960632
205.250005	19.168921
205.333338	0.408756
205.416671	0.000000
205.500005	0.000000
205.583338	0.000000
205.666671	0.008335
205.750005	0.003057
205.833338	0.000352
205.916671	0.000000
206.000005	0.000000
206.083338	0.000000
206.166671	58.274597
206.250005	180.554840
206.333338	74.660622
206.416671	9.722408
206.500005	0.000000
206.583338	0.000000
206.666671	0.000000
206.750005	0.006361
206.833338	0.009310
206.916671	0.002057
207.000005	5.388682
207.083338	77.963463
207.166671	74.526428
207.250005	17.169668
207.333338	0.540414
207.416671	0.000000
207.500005	8.911186
207.583338	158.255722
207.666671	114.158295
207.750005	28.607010
207.833338	94.469948
207.916671	135.715103
208.000005	45.142544
208.083338	4.540944
208.166671	0.000000
208.250005	0.000000
208.333338	0.000000
208.416671	0.008140
208.500005	0.006056
208.583338	0.001131
208.666671	0.000000
208.750005	0.000000
208.833338	0.000000
208.916671	0.000000
209.000005	0.000001
209.083338	0.000000
209.166671	166.101654
209.250005	473.950165
209.333338	273.919220
209.416671	83.598549
209.500005	4.201982
209.583338	109.400803
209.666671	253.859268
209.750005	108.847122
209.833338	15.809380
209.916671	60.263958
210.000005	234.402679
210.083338	152.961990
210.166671	198.015610
210.250005	259.508026
210.333338	344.913483
210.416671	215.250595
210.500005	160.090408
210.583338	144.490433
210.666671	57.414757
210.750005	279.043243
210.833338	388.670990
210.916671	445.992279
211.000005	409.643890
211.083338	437.251984
211.166671	476.727600
211.250005	463.351837
211.333338	139.401352
211.416671	10.914519
211.500005	0.000000
211.583338	65.225533
211.666671	287.454803
211.750005	214.784180
211.833338	136.799545
211.916671	27.997765
212.000005	0.000000
212.083338	0.000000
212.166671	30.834904
212.250005	180.821320
212.333338	123.091156
212.416672	22.504883
212.500005	0.000000
212.583338	0.000000
212.666672	3.119948
212.750005	99.533257
212.833338	186.165176
212.916672	62.807613
213.000005	6.013862
213.083338	0.000000
213.166672	10.143603
213.250005	148.948212
213.333338	235.366684
213.416672	194.198395
213.500005	165.918610
213.583338	48.695732
213.666672	3.887091
213.750005	0.000000
213.833338	0.000000
213.916672	59.402103
214.000005	124.815079
214.083338	200.660965
214.166672	384.056946
214.250005	362.621857
214.333338	241.522339
214.416672	101.875938
214.500005	15.763386
214.583338	0.000000
214.666672	0.000000
214.750005	3.179590
214.833338	91.801178
214.916672	149.432541
215.000005	152.955627
215.083338	96.471794
215.166672	18.971222
215.250005	0.000000
215.333338	0.000000
215.416672	0.000000
215.500005	0.000000
215.583338	0.009980
215.666672	15.678862
215.750005	166.551407
215.833338	117.355751
215.916672	23.680813
216.000005	0.000000
216.083338	0.000000
216.166672	0.000000
216.250005	0.000000
216.333338	0.011948
216.416672	0.003941
216.500005	0.000391
216.583338	0.000000
216.666672	1.283179
216.750005	218.556061
216.833338	228.624985
216.916672	54.824451
217.000005	2.209687
217.083338	0.000000
217.166672	0.000000
217.250005	63.170712
217.333338	223.088440
217.416672	125.980240
217.500005	22.979094
217.583338	0.000000
217.666672	0.000000
217.750005	0.000000
217.833338	0.000000
217.916672	0.013609
218.000005	0.004025
218.083338	0.000327
218.166672	0.000000
218.250005	7.047706
218.333338	91.434654
218.416672	101.747856
218.500005	28.770567
218.583338	2.103907
218.666672	51.940796
218.750005	138.077637
218.833338	66.262535
218.916672	12.066127
219.000005	53.216183
219.083338	78.571793
219.166672	98.711334
219.250005	38.617836
219.333338	4.720460
219.416672	8.065209
219.500005	154.965744
219.583338	169.178772
219.666672	116.196091
219.750005	250.895126
219.833338	113.455193
219.916672	16.406778
220.000005	0.000000
220.083338	0.000000
220.166672	0.000000
220.250005	16.819494
220.333338	159.063049
220.416672	164.957657
220.500005	49.394497
220.583338	4.115965
220.666672	0.000000
220.750005	0.000000
220.833338	0.000000
220.916672	0.011645
221.000005	0.006899
221.083338	0.001165
221.166672	0.000000
221.250005	0.000000
221.333338	0.000000
221.416672	0.000000
221.500005	59.725643
221.583338	227.212830
221.666672	98.687080
221.750005	13.460674
221.833338	0.000000
221.916672	0.000000
222.000005	0.000000
222.083338	0.006452
222.166672	0.012110
222.250005	0.002770
222.333338	0.000083
222.416672	0.000000
222.500005	0.000000
222.583338	0.000000
222.666672	0.000001
222.750005	3.324027
222.833338	103.808647
222.916672	258.969421
223.000005	107.354546
223.083338	14.036962
223.166672	0.000000
223.250005	0.000000
223.333338	38.463741
223.416672	99.613503
223.500005	34.528587
223.583339	8.353350
223.666672	110.425865
223.750005	154.185501
223.833339	48.206356
223.916672	4.369430
224.000005	0.000000
224.083339	0.000000
224.166672	0.000000
224.250005	0.010233
224.333339	0.006620
224.416672	0.001167
224.500005	0.000000
224.583339	0.000000
224.666672	0.000000
224.750005	0.000000
224.833339	0.000000
224.916672	59.124687
225.000005	198.146652
225.083339	127.345238
225.166672	30.112940
225.250005	107.388443
225.333339	132.119278
225.416672	31.639048
225.500005	112.339081
225.583339	109.908066
225.666672	286.939362
225.750005	280.048981
225.833339	74.555496
225.916672	4.603386
226.000005	0.000000
226.083339	0.000000
226.166672	0.000000
226.250005	61.456444
226.333339	204.480392
226.416672	87.985977
226.500005	192.258026
226.583339	366.450989
226.666672	152.323853
226.750005	21.183100
226.833339	0.000000
226.916672	0.000000
227.000005	0.000000
227.083339	0.008654
227.166672	0.018561
227.250005	0.004310
227.333339	0.000143
227.416672	0.000000
227.500005	89.528000
227.583339	71.433510
227.666672	15.194322
227.750005	0.194285
227.833339	0.000000
227.916672	0.000000
228.000005	0.000000
228.083339	0.007023
228.166672	0.002465
228.250005	10.395960
228.333339	178.176025
228.416672	193.969086
228.500005	50.901024
228.583339	124.378181
228.666672	177.653854
228.750005	85.055428
228.833339	195.668259
228.916672	117.510727
229.000005	165.434448
229.083339	273.195953
229.166672	208.775055
229.250005	91.415237
229.333339	14.146866
229.416672	0.000000
229.500005	0.000000
229.583339	0.000000
229.666672	138.995590
229.750005	171.215714
229.833339	85.644875
229.916672	13.078857
230.000005	0.000000
230.083339	0.000000
230.166672	0.000000
230.250005	18.626980
230.333339	420.056915
230.416672	669.279480
230.500005	283.115570
230.583339	123.575432
230.666672	51.228188
230.750005	7.464242
230.833339	0.000000
230.916672	0.000000
231.000005	0.000000
231.083339	53.431278
231.166672	176.818115
231.250005	274.052277
231.333339	198.754395
231.416672	50.624500
231.500005	7.678023
231.583339	143.658585
231.666672	379.365082
231.750005	193.273682
231.833339	230.948807
231.916672	270.901459
232.000005	197.298584
232.083339	217.854156
232.166672	530.029114
232.250005	659.001465
232.333339	198.195343
232.416672	17.000299
232.500005	0.000000
232.583339	71.498795
232.666672	174.629013
232.750005	269.799744
232.833339	296.092316
232.916672	259.619812
233.000005	244.691635
233.083339	226.143845
233.166672	123.566734
233.250005	445.263611
233.333339	1061.017456
233.416672	920.261597
233.500005	500.485687
233.583339	345.759735
233.666672	325.077698
233.750005	274.720001
233.833339	122.277031
233.916672	210.756424
234.000005	307.311829
234.083339	279.136536
234.166672	209.792130
234.250005	344.757111
234.333339	338.156677
234.416672	518.462463
234.500005	548.152954
234.583339	202.650848
234.666672	136.218887
234.750006	332.493713
234.833339	462.567291
234.916672	289.338257
235.000006	54.922890
235.083339	0.000000
235.166672	0.000000
235.250006	53.623493
235.333339	457.958374
235.416672	342.518341
235.500006	127.893890
235.583339	154.953201
235.666672	197.891586
235.750006	91.176506
235.833339	228.597260
235.916672	273.627594
236.000006	81.549507
236.083339	6.252663
236.166672	0.000000
236.250006	38.433559
236.333339	110.399956
236.416672	40.466526
236.500006	4.176971
236.583339	0.000000
236.666672	38.916111
236.750006	191.152313
236.833339	180.436630
236.916672	110.022781
237.000006	118.080856
237.083339	36.314003
237.166672	3.191380
237.250006	0.000000
237.333339	0.000000
237.416672	0.000000
237.500006	0.008030
237.583339	1.445449
237.666672	73.095161
237.750006	113.894875
237.833339	89.345627
237.916672	147.551727
238.000006	61.317791
238.083339	8.415107
238.166672	0.000000
238.250006	35.307758
238.333339	192.548737
238.416672	127.306351
238.500006	20.762651
238.583339	0.000000
238.666672	0.000000
238.750006	0.000000
238.833339	0.000000
238.916672	0.014535
239.000006	0.003860
239.083339	0.000000
239.166672	105.795563
239.250006	212.769562
239.333339	176.026505
239.416672	294.997009
239.500006	184.295868
239.583339	32.805813
239.666672	0.000000
239.750006	0.386349
239.833339	127.554832
239.916672	98.237312
240.000006	18.185270
240.083339	0.000000
240.166672	0.000000
240.250006	0.000000
240.333339	0.000000
240.416672	0.010525
240.500006	6.575828
240.583339	111.282333
240.666672	141.446915
240.750006	42.344311
240.833339	3.526685
240.916672	0.000000
241.000006	0.000000
241.083339	0.000000
241.166672	0.009989
241.250006	0.005915
241.333339	0.000999
241.416672	0.000000
241.500006	61.898918
241.583339	207.681396
241.666672	114.143211
241.750006	207.899109
241.833339	176.468842
241.916672	134.227341
242.000006	37.721458
242.083339	82.994499
242.166672	176.820877
242.250006	62.857292
242.333339	6.952252
242.416672	0.000000
242.500006	9.200945
242.583339	133.968842
242.666672	216.870880
242.750006	246.943802
242.833339	198.843643
242.916672	65.334991
243.000006	6.792875
243.083339	0.000000
243.166672	0.641783
243.250006	80.751678
243.333339	194.928024
243.416672	283.630249
243.500006	222.887222
243.583339	58.391037
243.666672	40.805878
243.750006	270.603027
243.833339	252.424911
243.916672	71.871773
244.000006	101.244476
244.083339	184.496033
244.166672	76.064728
244.250006	10.287736
244.333339	1.800366
244.416672	95.652641
244.500006	226.542725
244.583339	281.938690
244.666672	368.060333
244.750006	149.573227
244.833339	202.933701
244.916672	392.568268
245.000006	357.975403
245.083339	252.442947
245.166672	212.803635
245.250006	381.359741
245.333339	423.560486
245.416672	286.697021
245.500006	136.775269
245.583339	215.270798
245.666672	425.244965
245.750006	541.668518
245.833339	850.053772
245.916673	757.825500
246.000006	524.002319
246.083339	335.201233
246.166673	501.863220
246.250006	685.685791
246.333339	1279.171143
246.416673	718.934021
246.500006	717.551392
246.583339	1237.432495
246.666673	1137.931763
246.750006	1022.907532
246.833339	1053.806885
246.916673	1064.984131
247.000006	1550.576172
247.083339	2300.979980
247.166673	2873.485840
247.250006	2817.709717
247.333339	2675.974854
247.416673	2164.749756
247.500006	2347.644775
247.583339	2778.957275
247.666673	3080.605225
247.750006	2832.842285
247.833339	2844.709229
247.916673	3353.433594
248.000006	3724.683350
248.083339	2935.664551
248.166673	2311.065430
248.250006	1916.680054
248.333339	1778.049194
248.416673	910.704407
248.500006	192.869446
248.583339	6.921385
248.666673	87.008202
248.750006	146.015015
248.833339	44.889156
248.916673	41.453014
249.000006	186.115616
249.083339	360.210236
249.166673	171.012405
249.250006	26.376303
249.333339	0.000000
249.416673	0.000000
249.500006	0.000000
249.583339	0.001388
249.666673	0.020010
249.750006	0.005057
249.833339	0.000260
249.916673	0.000000
250.000006	0.000000
250.083339	8.642052
250.166673	131.676071
250.250006	104.751915
250.333339	22.510811
250.416673	0.343708
250.500006	0.000000
250.583339	0.000000
250.666673	0.000000
250.750006	0.010226
250.833339	0.003634
250.916673	0.000402
251.000006	0.000000
251.083339	0.000000
251.166673	0.000000
251.250006	0.000001
251.333339	0.000000
251.416673	54.464226
251.500006	101.929916
251.583339	34.618114
251.666673	11.584627
251.750006	93.277931
251.833339	77.108910
251.916673	14.564973
252.000006	0.000000
252.083339	113.007584
252.166673	231.923141
252.250006	67.188393
252.333339	16.100157
252.416673	97.535080
252.500006	67.769699
252.583339	11.605749
252.666673	89.735649
252.750006	186.348297
252.833339	59.406757
252.916673	20.163294
253.000006	132.408371
253.083339	97.446907
253.166673	20.192064
253.250006	0.127768
253.333339	0.000000
253.416673	0.000000
253.500006	2.995610
253.583339	72.139832
253.666673	91.773949
253.750006	45.466812
253.833339	155.712570
253.916673	196.042664
254.000006	68.383430
254.083339	7.300728
254.166673	0.000000
254.250006	0.000000
254.333339	0.000000
254.416673	0.010978
254.500006	0.009039
254.583339	0.001748
254.666673	0.000000
254.750006	0.000000
254.833339	0.000000
254.916673	0.000000
255.000006	24.793745
255.083339	204.045670
255.166673	140.436172
255.250006	27.944540
255.333339	0.000000
255.416673	0.000000
255.500006	115.583969
255.583339	94.237831
255.666673	17.806307
255.750006	0.000000
255.833339	0.000000
255.916673	105.749985
256.000006	90.948135
256.083339	19.924843
256.166673	0.395923
256.250006	0.000000
256.333339	0.000000
256.416673	0.000000
256.500006	31.227470
256.583339	147.645035
256.666673	77.040375
256.750006	12.459757
256.833339	0.000000
256.916673	2.127222
257.000006	94.454437
257.083340	172.986008
257.166673	61.873119
257.250006	6.825681
257.333340	0.000000
257.416673	0.000000
257.500006	0.000000
257.583340	0.009226
257.666673	0.008108
257.750006	0.001600
257.833340	0.000000
257.916673	6.691914
258.000006	128.348969
258.083340	85.174957
258.166673	9.557025
258.250006	1.001010
258.333340	86.976830
258.416673	131.728943
258.500006	41.626530
258.583340	21.870905
258.666673	140.752243
258.750006	90.414993
258.833340	17.119415
258.916673	0.000000
259.000006	13.757231
259.083340	266.887207
259.166673	355.528870
259.250006	127.278336
259.333340	15.007556
259.416673	0.000000
259.500006	0.000000
259.583340	0.000000
259.666673	0.015876
259.750006	9.738917
259.833340	226.480988
259.916673	262.608521
260.000006	311.200989
260.083340	287.365021
260.166673	71.531662
260.250006	8.656672
260.333340	96.034523
260.416673	144.495361
260.500006	50.678764
260.583340	95.284210
260.666673	144.033722
260.750006	45.292358
260.833340	38.065060
260.916673	359.382843
261.000006	324.050476
261.083340	135.180466
261.166673	293.170807
261.250006	379.337891
261.333340	169.894821
261.416673	26.459938
261.500006	11.022196
261.583340	133.842117
261.666673	106.521812
261.750006	103.082565
261.833340	167.926956
261.916673	55.243652
262.000006	1.999044
262.083340	63.062122
262.166673	241.106384
262.250006	139.441727
262.333340	25.821430
262.416673	0.000000
262.500006	0.000000
262.583340	0.000000
262.666673	0.000000
262.750006	0.014937
262.833340	0.004487
262.916673	0.000377
263.000006	0.000000
263.083340	0.000000
263.166673	0.000000
263.250006	0.000001
263.333340	0.000001
263.416673	24.283581
263.500006	156.686081
263.583340	128.821533
263.666673	28.323975
263.750006	0.586899
263.833340	7.938350
263.916673	124.426537
264.000006	122.596687
264.083340	28.846350
264.166673	1.043259
264.250006	0.000000
264.333340	0.000000
264.416673	0.000000
264.500006	0.011168
264.583340	0.004464
264.666673	0.000566
264.750006	0.000000
264.833340	0.000000
264.916673	0.000000
265.000006	0.000000
265.083340	0.000001
265.166673	0.000000
265.250006	0.000000
265.333340	53.088863
265.416673	157.493729
265.500006	73.424583
265.583340	129.756927
265.666673	264.884308
265.750006	114.511993
265.833340	16.000837
265.916673	0.000000
266.000006	0.012385
266.083340	52.237232
266.166673	69.911674
266.250006	103.792618
266.333340	204.309601
266.416673	88.352036
266.500006	12.433977
266.583340	0.000000
266.666673	0.000000
266.750006	0.000000
266.833340	82.234207
266.916673	159.794418
267.000006	82.671516
267.083340	14.177326
267.166673	0.000000
267.250006	0.000000
267.333340	0.000000
267.416673	0.000000
267.500006	0.009217
267.583340	0.002565
267.666673	0.000180
267.750006	0.000000
267.833340	0.000000
267.916673	0.000000
268.000006	0.000001
268.083340	0.000000
268.166673	0.000000
268.250007	0.000000
268.333340	0.000000
268.416673	0.000000
268.500007	0.000000
268.583340	26.591480
268.666673	261.324066
268.750007	169.944000
268.833340	34.100441
268.916673	72.184898
269.000007	76.392998
269.083340	18.419203
269.166673	0.763972
269.250007	0.000000
269.333340	0.000000
269.416673	0.000000
269.500007	0.006817
269.583340	0.002819
269.666673	0.000369
269.750007	2.847724
269.833340	83.504517
269.916673	111.556732
270.000007	31.125124
270.083340	2.199257
270.166673	54.597763
270.250007	171.916672
270.333340	69.368042
270.416673	22.522757
270.500007	112.379745
270.583340	70.590561
270.666673	13.098654
270.750007	0.000000
270.833340	0.000000
270.916673	0.000000
271.000007	0.000000
271.083340	0.007553
271.166673	0.002274
271.250007	0.000192
271.333340	0.000000
271.416673	49.310116
271.500007	136.526474
271.583340	56.724747
271.666673	7.391645
271.750007	0.000000
271.833340	5.262312
271.916673	112.176743
272.000007	142.542587
272.083340	104.784760
272.166673	118.640373
272.250007	182.450912
272.333340	402.013641
272.416673	247.570679
272.500007	54.798157
272.583340	163.693253
272.666673	251.279266
272.750007	78.861656
272.833340	65.851479
272.916673	141.724258
273.000007	55.241814
273.083340	6.741974
273.166673	47.997898
273.250007	223.406296
273.333340	509.191193
273.416673	478.831116
273.500007	392.182129
273.583340	599.298096
273.666673	812.561951
273.750007	1027.407837
273.833340	1117.428833
273.916673	930.309753
274.000007	1482.081055
274.083340	1570.238403
274.166673	2450.013428
274.250007	3147.639160
274.333340	3098.461670
274.416673	2782.621826
274.500007	2026.688721
274.583340	1994.082275
274.666673	2582.814209
274.750007	3238.526855
274.833340	3978.666016
274.916673	5393.590332
275.000007	9592.180664
275.083340	11857.092773
275.166673	9382.708008
275.250007	7156.061523
275.333340	4891.592773
275.416673	3650.820801
275.500007	2616.740234
275.583340	1588.067383
275.666673	876.244263
275.750007	370.752045
275.833340	271.718170
275.916673	184.291306
276.000007	49.841133
276.083340	2.694273
276.166673	41.866138
276.250007	266.764282
276.333340	385.824463
276.416673	385.109894
276.500007	205.289597
276.583340	41.965481
276.666673	169.304184
276.750007	244.401871
276.833340	76.366661
276.916673	14.234861
277.000007	94.705040
277.083340	108.275383
277.166673	115.028862
277.250007	304.264221
277.333340	161.374557
277.416673	162.571945
277.500007	213.869247
277.583340	88.070404
277.666673	18.127718
277.750007	88.182518
277.833340	92.823997
277.916673	26.777155
278.000007	210.615967
278.083340	398.765503
278.166673	272.427002
278.250007	226.249329
278.333340	177.990692
278.416673	81.958359
278.500007	206.253830
278.583340	111.382118
278.666673	18.709953
278.750007	0.000000
278.833340	0.000000
278.916673	0.000000
279.000007	7.261426
279.083340	182.866104
279.166673	312.872589
279.250007	217.503265
279.333340	167.634308
279.416674	45.345722
279.500007	94.716980
279.583340	288.976868
279.666674	138.723526
279.750007	21.435467
279.833340	0.000000
279.916674	0.000000
280.000007	0.000000
280.083340	98.918190
280.166674	94.717300
280.250007	19.296350
280.333340	0.039561
280.416674	0.000000
280.500007	0.000000
280.583340	27.389038
280.666674	200.745819
280.750007	140.638214
280.833340	62.019001
280.916674	203.904327
281.000007	162.936813
281.083340	238.103470
281.166674	157.411743
281.250007	67.815407
281.333340	144.419464
281.416674	71.232162
281.500007	11.163731
281.583340	0.000000
281.666674	0.000000
281.750007	0.000000
281.833340	0.000010
281.916674	0.008278
282.000007	0.002121
282.083340	0.000115
282.166674	0.000000
282.250007	0.000000
282.333340	0.000000
282.416674	21.628256
282.500007	88.269104
282.583340	39.767834
282.666674	39.218784
282.750007	77.018143
282.833340	26.385838
282.916674	2.773624
283.000007	48.952835
283.083340	284.998962
283.166674	390.135437
283.250007	149.792999
283.333340	84.337769
283.416674	40.388523
283.500007	6.372193
283.583340	0.000000
283.666674	2.343186
283.750007	97.186890
283.833340	90.861984
283.916674	32.972744
284.000007	122.233963
284.083340	94.288612
284.166674	18.373806
284.250007	38.151669
284.333340	75.700478
284.416674	23.595329
284.500007	2.126605
284.583340	0.000000
284.666674	2.413841
284.750007	209.747787
284.833340	457.476715
284.916674	179.422318
285.000007	173.123383
285.083340	184.423508
285.166674	151.652893
285.250007	321.954132
285.333340	256.004242
285.416674	64.435287
285.500007	1.540313
285.583340	56.915813
285.666674	125.517380
285.750007	39.353302
285.833340	73.373749
285.916674	58.790588
286.000007	12.599789
286.083340	0.184150
286.166674	28.133406
286.250007	269.818817
286.333340	257.555511
286.416674	58.318390
286.500007	14.938685
286.583340	220.987869
286.666674	230.896866
286.750007	53.550060
286.833340	1.765213
286.916674	0.000000
287.000007	0.000000
287.083340	0.000000
287.166674	0.021283
287.250007	0.008341
287.333340	63.721375
287.416674	289.915253
287.500007	177.017639
287.583340	33.108673
287.666674	8.219904
287.750007	98.390762
287.833340	79.151131
287.916674	67.602203
288.000007	269.974945
288.083340	134.720886
288.166674	99.708450
288.250007	198.681763
288.333340	326.575348
288.416674	132.189224
288.500007	48.734341
288.583340	114.428452
288.666674	40.725433
288.750007	11.944943
288.833340	162.931763
288.916674	272.183594
289.000007	142.008789
289.083340	77.367775
289.166674	182.520828
289.250007	224.073334
289.333340	158.544617
289.416674	97.276939
289.500007	298.620697
289.583340	302.813599
289.666674	79.654732
289.750007	128.617935
289.833340	252.660126
289.916674	256.887115
290.000007	236.555984
290.083340	508.719818
290.166674	922.597473
290.250007	574.476563
290.333340	131.170532
290.416674	61.593781
290.500007	42.422569
290.583341	47.605286
290.666674	204.070129
290.750007	197.214081
290.833341	95.641869
290.916674	368.691437
291.000007	241.599503
291.083341	63.533173
291.166674	133.007584
291.250007	233.871017
291.333341	308.676819
291.416674	425.425781
291.500007	404.318237
291.583341	460.295563
291.666674	514.617432
291.750007	405.394684
291.833341	382.822052
291.916674	525.251404
292.000007	332.823517
292.083341	391.331055
292.166674	443.610229
292.250007	595.886169
292.333341	645.020264
292.416674	505.015961
292.500007	355.490082
292.583341	182.242294
292.666674	105.671158
292.750007	140.318161
292.833341	44.811417
292.916674	4.217452
293.000007	0.000000
293.083341	121.959175
293.166674	268.625549
293.250007	89.724648
293.333341	8.523442
293.416674	0.000000
293.500007	0.000000
293.583341	0.000000
293.666674	0.000000
293.750007	46.203533
293.833341	146.251877
293.916674	260.492737
294.000007	120.450653
294.083341	18.259995
294.166674	0.000000
294.250007	0.000000
294.333341	17.386471
294.416674	105.865158
294.500007	92.668037
294.583341	228.323959
294.666674	249.102005
294.750007	240.145096
294.833341	151.047607
294.916674	176.670197
295.000007	172.549362
295.083341	232.586655
295.166674	344.334076
295.250007	456.472809
295.333341	457.725861
295.416674	345.362427
295.500007	493.098511
295.583341	311.843323
295.666674	67.170494
295.750007	24.279303
295.833341	202.852097
295.916674	304.350952
296.000007	265.243744
296.083341	366.854828
296.166674	303.383484
296.250007	230.832764
296.333341	274.519562
296.416674	219.293365
296.500007	158.680252
296.583341	233.990372
296.666674	552.257568
296.750007	364.197388
296.833341	156.570206
296.916674	198.999771
297.000007	339.223114
297.083341	279.710938
297.166674	198.959885
297.250007	223.362381
297.333341	223.644653
297.416674	329.893341
297.500007	370.362183
297.583341	253.959259
297.666674	244.659241
297.750007	117.789337
297.833341	49.971889
297.916674	137.959747
298.000007	164.497589
298.083341	52.103748
298.166674	69.589592
298.250007	278.302094
298.333341	141.588898
298.416674	22.279968
298.500007	0.000000
298.583341	127.437210
298.666674	154.420547
298.750007	38.697517
298.833341	53.484497
298.916674	425.791290
299.000007	837.388550
299.083341	617.676331
299.166674	360.839966
299.250007	233.284149
299.333341	179.215347
299.416674	110.424004
299.500007	185.935196
299.583341	383.589722
299.666674	271.545197
299.750007	72.098038
299.833341	4.413806
299.916674	0.000000
300.000007	49.659454
300.083341	175.315887
300.166674	222.893814
300.250007	287.178009
300.333341	127.049072
300.416674	13.905447
300.500007	154.309921
300.583341	381.664368
300.666674	353.214050
300.750007	142.171570
300.833341	28.448380
300.916674	94.514534
301.000007	194.699158
301.083341	443.728851
301.166674	483.240662
301.250007	295.289398
301.333341	137.008347
301.416674	165.613831
301.500007	455.854797
301.583341	401.414612
301.666674	237.956924
301.750008	54.798950
301.833341	1.719585
301.916674	0.000000
302.000008	0.000000
302.083341	15.776187
302.166674	261.861481
302.250008	445.847137
302.333341	380.268768
302.416674	492.265076
302.500008	408.910675
302.583341	280.982208
302.666674	273.444122
302.750008	249.871948
302.833341	190.364700
302.916674	379.603638
303.000008	421.459442
303.083341	399.608551
303.166674	302.487457
303.250008	431.901398
303.333341	455.718567
303.416674	295.356018
303.500008	196.682800
303.583341	490.477295
303.666674	1103.980957
303.750008	784.873108
303.833341	250.681717
303.916674	167.858124
304.000008	189.988297
304.083341	271.636261
304.166674	332.535126
304.250008	223.383484
304.333341	860.836670
304.416674	993.879211
304.500008	822.348633
304.583341	521.914185
304.666674	451.794952
304.750008	457.388306
304.833341	324.202209
304.916674	673.805298
305.000008	991.879333
305.083341	922.297058
305.166674	948.372375
305.250008	438.225922
305.333341	172.435379
305.416674	218.891129
305.500008	395.068085
305.583341	758.288879
305.666674	1209.541748
305.750008	1275.708740
305.833341	1344.553223
305.916674	1191.681030
306.000008	980.896667
306.083341	831.849426
306.166674	365.713928
306.250008	102.216080
306.333341	297.863953
306.416674	487.211945
306.500008	487.079956
306.583341	341.072174
306.666674	116.749512
306.750008	28.019215
306.833341	187.261078
306.916674	142.962921
307.000008	29.838856
307.083341	0.242615
307.166674	0.000000
307.250008	0.000000
307.333341	0.000000
307.416674	0.014238
307.500008	0.004885
307.583341	0.000514
307.666674	0.000000
307.750008	0.000000
307.833341	0.000000
307.916674	0.000001
308.000008	0.000001
308.083341	0.000000
308.166674	0.000000
308.250008	0.000000
308.333341	0.000000
308.416674	0.000000
308.500008	0.000000
308.583341	0.000000
308.666674	0.000000
308.750008	2.455096
308.833341	61.310452
308.916674	85.319817
309.000008	24.723633
309.083341	1.917494
309.166674	0.000000
309.250008	0.000000
309.333341	0.000000
309.416674	0.006287
309.500008	0.003499
309.583341	0.000571
309.666674	0.000000
309.750008	0.000000
309.833341	0.000000
309.916674	0.000000
310.000008	0.000000
310.083341	0.000000
310.166674	0.000000
310.250008	0.000000
310.333341	0.000000
310.416674	0.000000
310.500008	0.000000
310.583341	0.000000
310.666674	0.000000
310.750008	0.000000
310.833341	0.000000
310.916674	0.000000
311.000008	0.000000
311.083341	0.000000
311.166674	0.000000
311.250008	0.000000
311.333341	0.000000
311.416674	0.000000
311.500008	6.050109
311.583341	152.153351
311.666674	200.341965
311.750008	66.380318
311.833341	6.636670
311.916674	0.000000
312.000008	0.000000
312.083341	0.000000
312.166674	0.012102
312.250008	0.008918
312.333341	8.020697
312.416674	98.744194
312.500008	85.906975
312.583341	19.336843
312.666674	0.506319
312.750008	0.000000
312.833341	0.000000
312.916675	0.000000
313.000008	0.008106
313.083341	0.003054
313.166675	0.000363
313.250008	0.000000
313.333341	0.000000
313.416675	0.000000
313.500008	0.000000
313.583341	0.000000
313.666675	0.000000
313.750008	0.000000
313.833341	53.807419
313.916675	145.505508
314.000008	58.824173
314.083341	7.455634
314.166675	0.000000
314.250008	0.000000
314.333341	0.000000
314.416675	0.005670
314.500008	0.007400
314.583341	0.001603
314.666675	0.000028
314.750008	25.754786
314.833341	185.928345
314.916675	421.997742
315.000008	342.980652
315.083341	142.194138
315.166675	21.634743
315.250008	0.000000
315.333341	0.000000
315.416675	0.000000
315.500008	0.002109
315.583341	11.826888
315.666675	106.220879
315.750008	64.717461
315.833341	11.508257
315.916675	0.000000
316.000008	0.000000
316.083341	37.934402
316.166675	160.048386
316.250008	77.422279
316.333341	38.417316
316.416675	156.445023
316.500008	225.830429
316.583341	134.378250
316.666675	26.190840
316.750008	25.934706
316.833341	156.964325
316.916675	96.776306
317.000008	49.719551
317.083341	164.769104
317.166675	175.725555
317.250008	247.477783
317.333341	202.542908
317.416675	337.518005
317.500008	272.940643
317.583341	212.774094
317.666675	494.632904
317.750008	556.808655
317.833341	611.790527
317.916675	607.914612
318.000008	1024.756226
318.083341	1755.384155
318.166675	1844.080811
318.250008	1054.150757
318.333341	1038.386230
318.416675	860.670471
318.500008	384.509796
318.583341	224.186264
318.666675	304.725739
318.750008	853.445557
318.833341	1431.609497
318.916675	1042.235718
319.000008	1363.436157
319.083341	1886.595703
319.166675	1374.661499
319.250008	1553.385864
319.333341	1301.012695
319.416675	713.433044
319.500008	225.771729
319.583341	22.363342
319.666675	0.000000
319.750008	0.000000
319.833341	0.000000
319.916675	0.041833
320.000008	0.030398
320.083341	0.005625
320.166675	0.000000
320.250008	43.045490
320.333341	121.368332
320.416675	44.250435
320.500008	4.455822
320.583341	0.000000
320.666675	0.000000
320.750008	35.341793
320.833341	123.915031
320.916675	50.035755
321.000008	6.406239
321.083341	0.000000
321.166675	0.000000
321.250008	0.000000
321.333341	0.004616
321.416675	0.006273
321.500008	0.001369
321.583341	0.000000
321.666675	99.408394
321.750008	97.442032
321.833341	30.926088
321.916675	95.569862
322.000008	68.722687
322.083341	14.123531
322.166675	7.726754
322.250008	110.999557
322.333341	141.356949
322.416675	218.177399
322.500008	82.164619
322.583341	8.640292
322.666675	0.000000
322.750008	0.000000
322.833341	0.000000
322.916675	0.013614
323.000008	0.010902
323.083341	0.002089
323.166675	0.000000
323.250008	0.000000
323.333341	0.000000
323.416675	0.000000
323.500008	0.000001
323.583341	0.000000
323.666675	0.000000
323.750008	0.000000
323.833341	0.000000
323.916675	0.000000
324.000008	0.000000
324.083342	0.000000
324.166675	0.000000
324.250008	0.000000
324.333342	0.000000
324.416675	0.000000
324.500008	0.000000
324.583342	0.000000
324.666675	0.000000
324.750008	0.000000
324.833342	0.000000
324.916675	0.000000
325.000008	0.000000
325.083342	0.000000
325.166675	0.000000
325.250008	0.000000
325.333342	0.000000
325.416675	0.000000
325.500008	37.954613
325.583342	168.676376
325.666675	124.071983
325.750008	24.613901
325.833342	44.304569
325.916675	118.213135
326.000008	45.059143
326.083342	5.425982
326.166675	0.000000
326.250008	0.000000
326.333342	0.000000
326.416675	0.005258
326.500008	0.005759
326.583342	0.001204
326.666675	0.000010
326.750008	0.000000
326.833342	0.000000
326.916675	0.000000
327.000008	0.000001
327.083342	0.000000
327.166675	0.000000
327.250008	0.000000
327.333342	0.000000
327.416675	0.000000
327.500008	0.000000
327.583342	0.000000
327.666675	0.000000
327.750008	2.263791
327.833342	71.462303
327.916675	105.875496
328.000008	30.767199
328.083342	2.401755
328.166675	0.000000
328.250008	0.000000
328.333342	0.000000
328.416675	0.007774
328.500008	19.046885
328.583342	114.125252
328.666675	229.194839
328.750008	230.307800
328.833342	66.927246
328.916675	5.224536
329.000008	2.581015
329.083342	122.845032
329.166675	244.585068
329.250008	192.494263
329.333342	172.943466
329.416675	547.595947
329.500008	409.311676
329.583342	177.235352
329.666675	274.159729
329.750008	466.216888
329.833342	491.655579
329.916675	456.711456
330.000008	469.159607
330.083342	778.134827
330.166675	1161.633179
330.250008	1757.637207
330.333342	2150.010254
330.416675	2378.063965
330.500008	3185.706055
330.583342	4548.403320
330.666675	4314.886719
330.750008	3934.437012
330.833342	5152.545898
330.916675	5677.428711
331.000008	5505.914063
331.083342	6597.979492
331.166675	7430.559082
331.250008	7402.110840
331.333342	7930.636719
331.416675	8451.356445
331.500008	9195.594727
331.583342	12735.168945
331.666675	15202.426758
331.750008	20173.814453
331.833342	26634.158203
331.916675	31598.826172
332.000008	42653.027344
332.083342	56183.078125
332.166675	58463.898438
332.250008	59497.464844
332.333342	53616.269531
332.416675	46096.449219
332.500008	35993.460938
332.583342	35601.269531
332.666675	44055.382813
332.750008	50066.835938
332.833342	60619.007813
332.916675	69764.031250
333.000008	79906.140625
333.083342	80886.390625
333.166675	75369.617188
333.250008	66315.109375
333.333342	49147.500000
333.416675	33814.226563
333.500008	19654.218750
333.583342	10914.892578
333.666675	5868.261230
333.750008	3247.549072
333.833342	2551.587158
333.916675	2003.848999
334.000008	2495.858398
334.083342	4160.020508
334.166675	3894.274414
334.250008	4428.445801
334.333342	4625.645996
334.416675	3226.534180
334.500008	1775.560181
334.583342	857.753723
334.666675	393.519775
334.750008	478.323334
334.833342	980.798096
334.916675	733.573914
335.000008	560.073975
335.083342	752.037048
335.166675	870.150024
335.250009	568.745789
335.333342	438.142822
335.416675	416.055695
335.500009	366.150391
335.583342	166.861740
335.666675	130.127670
335.750009	173.319595
335.833342	97.136711
335.916675	17.428041
336.000009	0.000000
336.083342	0.000000
336.166675	0.000000
336.250009	0.000000
336.333342	0.010584
336.416675	0.003079
336.500009	0.000241
336.583342	0.000000
336.666675	0.000000
336.750009	0.000000
336.833342	0.000001
336.916675	0.000000
337.000009	7.134825
337.083342	131.710464
337.166675	228.548157
337.250009	87.689758
337.333342	10.547805
337.416675	0.000000
337.500009	0.388842
337.583342	64.327209
337.666675	45.502178
337.750009	8.775887
337.833342	0.000000
337.916675	0.000000
338.000009	0.000000
338.083342	0.000000
338.166675	0.004762
338.250009	0.001494
338.333342	0.000136
338.416675	0.000000
338.500009	6.861900
338.583342	108.590569
338.666675	99.041595
338.750009	17.283806
338.833342	0.000000
338.916675	0.000000
339.000009	0.000000
339.083342	0.000000
339.166675	0.010947
339.250009	0.003098
339.333342	18.434910
339.416675	99.703400
339.500009	63.729515
339.583342	12.154394
339.666675	0.000000
339.750009	0.000000
339.833342	0.000000
339.916675	0.000000
340.000009	0.006714
340.083342	0.002081
340.166675	0.000186
340.250009	0.000000
340.333342	0.000000
340.416675	0.000000
340.500009	0.000000
340.583342	0.000000
340.666675	0.000000
340.750009	0.000000
340.833342	0.000000
340.916675	0.000000
341.000009	0.000000
341.083342	63.140587
341.166675	205.055191
341.250009	121.418533
341.333342	23.105768
341.416675	0.000000
341.500009	0.000000
341.583342	0.000000
341.666675	0.000000
341.750009	38.789875
341.833342	300.186523
341.916675	577.458435
342.000009	406.484375
342.083342	93.585381
342.166675	1.759872
342.250009	0.000000
342.333342	36.343307
342.416675	329.813843
342.500009	433.475006
342.583342	225.014481
342.666675	83.511574
342.750009	117.604622
342.833342	60.606102
342.916675	9.892844
343.000009	0.000000
343.083342	0.000000
343.166675	0.000000
343.250009	35.356930
343.333342	139.502838
343.416675	211.021072
343.500009	291.292084
343.583342	349.200562
343.666675	401.331451
343.750009	335.059723
343.833342	364.856995
343.916675	378.843567
344.000009	144.537888
344.083342	80.768410
344.166675	397.548615
344.250009	667.980347
344.333342	289.781006
344.416675	118.257759
344.500009	491.520721
344.583342	678.658142
344.666675	469.615723
344.750009	512.175659
344.833342	491.948883
344.916675	480.377563
345.000009	473.247742
345.083342	381.412445
345.166675	409.595032
345.250009	284.873993
345.333342	489.660187
345.416675	346.921570
345.500009	108.300987
345.583342	128.939224
345.666675	138.139542
345.750009	368.758270
345.833342	213.179825
345.916675	146.892548
346.000009	376.319458
346.083342	448.054871
346.166675	327.539948
346.250009	321.478821
346.333342	447.823517
346.416676	375.934448
346.500009	316.952026
346.583342	426.838806
346.666676	623.735168
346.750009	753.005554
346.833342	485.819183
346.916676	373.050812
347.000009	563.325439
347.083342	805.079224
347.166676	1090.737183
347.250009	785.982422
347.333342	692.579163
347.416676	761.258423
347.500009	903.020630
347.583342	821.307983
347.666676	851.963684
347.750009	1152.920532
347.833342	828.893860
347.916676	1095.523438
348.000009	1448.888916
348.083342	1244.803101
348.166676	1366.863770
348.250009	1314.631958
348.333342	1328.410522
348.416676	982.956055
348.500009	1274.660889
348.583342	1509.518555
348.666676	1484.362183
348.750009	1296.696655
348.833342	1175.845947
348.916676	1684.858643
349.000009	1875.907837
349.083342	2686.394043
349.166676	3201.543213
349.250009	2235.973389
349.333342	2086.712158
349.416676	1893.593628
349.500009	1163.973999
349.583342	1106.459839
349.666676	1123.600830
349.750009	673.158752
349.833342	1113.975098
349.916676	1285.263672
350.000009	1121.418335
350.083342	862.304077
350.166676	626.083313
350.250009	454.183167
350.333342	535.383484
350.416676	451.000702
350.500009	639.496643
350.583342	694.264221
350.666676	860.803528
350.750009	602.875610
350.833342	377.114960
350.916676	363.122894
351.000009	107.321114
351.083342	8.054110
351.166676	0.000000
351.250009	0.000000
351.333342	0.000000
351.416676	0.028156
351.500009	34.472736
351.583342	140.406540
351.666676	92.717461
351.750009	18.608597
351.833342	0.000000
351.916676	0.000000
352.000009	0.000000
352.083342	0.000000
352.166676	28.978336
352.250009	90.329079
352.333342	35.077988
352.416676	4.312009
352.500009	0.000000
352.583342	0.000000
352.666676	0.000000
352.750009	0.003811
352.833342	0.004455
352.916676	0.000945
353.000009	0.000011
353.083342	0.000000
353.166676	0.000000
353.250009	0.000000
353.333342	0.000000
353.416676	0.000000
353.500009	0.000000
353.583342	0.000000
353.666676	0.000000
353.750009	0.000000
353.833342	46.073669
353.916676	175.205963
354.000009	73.860107
354.083342	9.762630
354.166676	0.000000
354.250009	40.914307
354.333342	238.398392
354.416676	132.597946
354.500009	26.272299
354.583342	76.285530
354.666676	87.901588
354.750009	21.803764
354.833342	0.708152
354.916676	334.649384
355.000009	482.813507
355.083342	139.475723
355.166676	10.739921
355.250009	0.000000
355.333342	0.000000
355.416676	0.000000
355.500009	73.375229
355.583342	166.630966
355.666676	59.189415
355.750009	6.539689
355.833342	0.000000
355.916676	0.000000
356.000009	0.000000
356.083342	0.008795
356.166676	0.007753
356.250009	3.084031
356.333342	95.793434
356.416676	78.252693
356.500009	27.293484
356.583342	255.768799
356.666676	340.752441
356.750009	260.997955
356.833342	163.399750
356.916676	279.851501
357.000009	226.642166
357.083342	109.888611
357.166676	429.363037
357.250009	536.814392
357.333342	251.170135
357.416676	43.812668
357.500009	0.000000
357.583343	0.000000
357.666676	36.477642
357.750009	224.965591
357.833343	289.741241
357.916676	117.698166
358.000009	15.625397
358.083343	0.000000
358.166676	90.074333
358.250009	95.961700
358.333343	23.200092
358.416676	0.975678
358.500009	0.000000
358.583343	0.000000
358.666676	0.000000
358.750009	0.008544
358.833343	0.003546
358.916676	0.000466
359.000009	0.000000
359.083343	0.000000
359.166676	0.000000
359.250009	0.000000
359.333343	0.000000
359.416676	0.000000
359.500009	0.000000
359.583343	3.003990
359.666676	90.598480
359.750009	188.376846
359.833343	194.650177
359.916676	400.309387
360.000009	266.293030
360.083343	62.266426
360.166676	33.372234
360.250009	283.165710
360.333343	494.276520
360.416676	325.746613
360.500009	289.750122
360.583343	173.549301
360.666676	132.545959
360.750009	73.949196
360.833343	12.454067
360.916676	52.974907
361.000009	160.934265
361.083343	57.798035
361.166676	110.620361
361.250009	107.691505
361.333343	25.164232
361.416676	0.871502
361.500009	4.960179
361.583343	163.351593
361.666676	477.376221
361.750009	362.787506
361.833343	83.383743
361.916676	137.099548
362.000009	312.468414
362.083343	138.775665
362.166676	19.855000
362.250009	0.000000
362.333343	0.000000
362.416676	4.757373
362.500009	100.864090
362.583343	279.523407
362.666676	304.039185
362.750009	137.859329
362.833343	23.666555
362.916676	72.977287
363.000009	154.764694
363.083343	309.487244
363.166676	550.236145
363.250009	379.538879
363.333343	370.123596
363.416676	439.946747
363.500009	387.772552
363.583343	250.940262
363.666676	449.379730
363.750009	202.719040
363.833343	59.743668
363.916676	210.820770
364.000009	240.255478
364.083343	68.925613
364.166676	5.221387
364.250009	0.000000
364.333343	13.854710
364.416676	120.243462
364.500009	80.567314
364.583343	15.463477
364.666676	0.000000
364.750009	5.285244
364.833343	95.270317
364.916676	91.394234
365.000009	87.014809
365.083343	213.994415
365.166676	138.779892
365.250009	25.574331
365.333343	25.673794
365.416676	187.008377
365.500009	121.304245
365.583343	23.588165
365.666676	0.000000
365.750009	0.000000
365.833343	11.942966
365.916676	185.621811
366.000009	184.916595
366.083343	46.290695
366.166676	2.286247
366.250009	0.000000
366.333343	0.000000
366.416676	0.000000
366.500009	33.175854
366.583343	123.852821
366.666676	64.675591
366.750009	73.131691
366.833343	111.679733
366.916676	33.360126
367.000009	20.667946
367.083343	97.702568
367.166676	52.798725
367.250009	64.704895
367.333343	89.602760
367.416676	148.651352
367.500009	221.243896
367.583343	66.188461
367.666676	5.504625
367.750009	1.874991
367.833343	94.946045
367.916676	150.158920
368.000009	100.378006
368.083343	244.217804
368.166676	278.892334
368.250009	203.664154
368.333343	62.988579
368.416676	5.498815
368.500009	2.023465
368.583343	137.048859
368.666676	262.090240
368.750009	234.909088
368.833343	176.306213
368.916676	45.657200
369.000010	56.701820
369.083343	417.926056
369.166676	414.259399
369.250010	231.686523
369.333343	285.202545
369.416676	104.767792
369.500010	91.728271
369.583343	316.038483
369.666676	331.191437
369.750010	162.926682
369.833343	66.563835
369.916676	333.573425
370.000010	384.182953
370.083343	162.880753
370.166676	197.043991
370.250010	685.621399
370.333343	1049.079102
370.416676	584.137390
370.500010	208.166382
370.583343	256.623688
370.666676	424.884064
370.750010	494.024017
370.833343	604.103577
370.916676	595.838867
371.000010	443.198853
371.083343	369.037689
371.166676	525.172913
371.250010	792.753540
371.333343	841.391724
371.416676	539.730347
371.500010	632.879578
371.583343	647.701172
371.666676	202.651031
371.750010	486.585999
371.833343	746.262329
371.916676	742.182800
372.000010	770.217590
372.083343	1076.420654
372.166676	747.857788
372.250010	498.515961
372.333343	297.845245
372.416676	128.536118
372.500010	317.717529
372.583343	562.609558
372.666676	409.898132
372.750010	695.944580
372.833343	701.431580
372.916676	605.175659
373.000010	969.998718
373.083343	1612.929688
373.166676	1712.471924
373.250010	1338.974121
373.333343	1112.806030
373.416676	1143.698608
373.500010	1379.882813
373.583343	1550.024536
373.666676	1539.405884
373.750010	1329.464111
373.833343	1077.487549
373.916676	1175.077271
374.000010	1011.077087
374.083343	819.513855
374.166676	1421.375977
374.250010	1598.364624
374.333343	1668.820190
374.416676	1316.964111
374.500010	941.611694
374.583343	1413.320190
374.666676	1671.573730
374.750010	1480.423340
374.833343	1494.580566
374.916676	1878.852661
375.000010	2036.162476
375.083343	1911.411987
375.166676	1297.631104
375.250010	1293.972168
375.333343	1278.351318
375.416676	1058.838501
375.500010	792.589966
375.583343	702.580322
375.666676	847.228027
375.750010	976.804749
375.833343	1072.139648
375.916676	1245.169800
376.000010	1223.903320
376.083343	789.883484
376.166676	702.375305
376.250010	624.523987
376.333343	680.010681
376.416676	792.567627
376.500010	911.266052
376.583343	573.530273
376.666676	494.102997
376.750010	602.573730
376.833343	936.518250
376.916676	1111.344360
377.000010	989.669678
377.083343	1393.236328
377.166676	1507.694946
377.250010	1227.079468
377.333343	605.341492
377.416676	316.399963
377.500010	229.791306
377.583343	262.822449
377.666676	198.348907
377.750010	141.540253
377.833343	92.434601
377.916676	19.187750
378.000010	0.129937
378.083343	2.714440
378.166676	75.463318
378.250010	90.875648
378.333343	22.786800
378.416676	1.133199
378.500010	0.000000
378.583343	0.000000
378.666676	0.000000
378.750010	0.007830
378.833343	0.003427
378.916676	0.000473
379.000010	0.000000
379.083343	67.059341
379.166676	275.822083
379.250010	167.976410
379.333343	32.189945
379.416676	0.000000
379.500010	2.813544
379.583343	106.663948
379.666676	137.575851
379.750010	35.500793
379.833343	1.972898
379.916676	0.000000
380.000010	0.000000
380.083343	25.174589
380.166677	139.887985
380.250010	73.425583
380.333343	11.475197
380.416677	0.000000
380.500010	0.000000
380.583343	0.000000
380.666677	0.000116
380.750010	0.008543
380.833343	0.002184
380.916677	0.000117
381.000010	0.000000
381.083343	0.000000
381.166677	0.000000
381.250010	0.000001
381.333343	0.000000
381.416677	0.000000
381.500010	0.000000
381.583343	0.000000
381.666677	0.000000
381.750010	0.000000
381.833343	0.000000
381.916677	0.000000
382.000010	0.000000
382.083343	0.000000
382.166677	27.424990
382.250010	101.608322
382.333343	42.389118
382.416677	5.601676
382.500010	0.000000
382.583343	0.000000
382.666677	0.000000
382.750010	0.003351
382.833343	0.005259
382.916677	0.001174
383.000010	0.000029
383.083343	0.000000
383.166677	0.000000
383.250010	0.000000
383.333343	0.000000
383.416677	0.000000
383.500010	0.000000
383.583343	0.000000
383.666677	0.000000
383.750010	0.000000
383.833343	0.000000
383.916677	0.000000
384.000010	0.000000
384.083343	0.000000
384.166677	0.000000
384.250010	0.000000
384.333343	0.000000
384.416677	0.768994
384.500010	64.531822
384.583343	154.842010
384.666677	59.561680
384.750010	7.245742
384.833343	0.000000
384.916677	9.956958
385.000010	78.107002
385.083343	43.110893
385.166677	6.904286
385.250010	0.000000
385.333343	0.000000
385.416677	0.000000
385.500010	0.000000
385.583343	0.004963
385.666677	0.001296
385.750010	0.000075
385.833343	0.000000
385.916677	0.000000
386.000010	0.000000
386.083343	0.000000
386.166677	0.000000
386.250010	0.000000
386.333343	0.000000
386.416677	0.000000
386.500010	0.000000
386.583343	0.000000
386.666677	45.968117
386.750010	105.607414
386.833343	93.864929
386.916677	205.821640
387.000010	82.192070
387.083343	131.934753
387.166677	186.664047
387.250010	159.754028
387.333343	49.199642
387.416677	4.335302
387.500010	0.000000
387.583343	0.000000
387.666677	0.000000
387.750010	1.265453
387.833343	151.290451
387.916677	138.925095
388.000010	29.296614
388.083343	59.191284
388.166677	368.636932
388.250010	801.040894
388.333343	854.744934
388.416677	689.746216
388.500010	459.147583
388.583343	455.326019
388.666677	498.361786
388.750010	232.714096
388.833343	65.166321
388.916677	215.509689
389.000010	270.399261
389.083343	100.946007
389.166677	193.288361
389.250010	248.251205
389.333343	274.302643
389.416677	429.393524
389.500010	513.797485
389.583343	278.095337
389.666677	102.045059
389.750010	202.716110
389.833343	734.127930
389.916677	456.867371
390.000010	129.077011
390.083343	380.249756
390.166677	808.127014
390.250010	893.913757
390.333343	726.215759
390.416677	544.717041
390.500010	388.221008
390.583343	346.388855
390.666677	195.304749
390.750010	279.453644
390.833343	477.264740
390.916677	645.225220
391.000010	449.407776
391.083343	113.691933
391.166677	49.151062
391.250010	258.870667
391.333344	206.656219
391.416677	44.867401
391.500010	11.288216
391.583344	234.500412
391.666677	320.578156
391.750010	95.911880
391.833344	7.977593
391.916677	0.000000
392.000010	70.962730
392.083344	248.427505
392.166677	254.065689
392.250010	69.676674
392.333344	4.698462
392.416677	0.000000
392.500010	36.862461
392.583344	118.390076
392.666677	51.777279
392.750010	77.897461
392.833344	129.706787
392.916677	41.826408
393.000010	4.001889
393.083344	0.000000
393.166677	0.000000
393.250010	0.000000
393.333344	0.008203
393.416677	0.005677
393.500010	0.001031
393.583344	0.000000
393.666677	0.000000
393.750010	0.000000
393.833344	0.000000
393.916677	0.000001
394.000010	0.000000
394.083344	0.000000
394.166677	0.000000
394.250010	0.000000
394.333344	0.000000
394.416677	0.000000
394.500010	0.000000
394.583344	0.000000
394.666677	0.000000
394.750010	0.000000
394.833344	0.000000
394.916677	0.000000
395.000010	0.000000
395.083344	0.000000
395.166677	0.000000
395.250010	0.000000
395.333344	0.000000
395.416677	0.000000
395.500010	0.000000
395.583344	0.000000
395.666677	0.000000
395.750010	0.000000
395.833344	0.000000
395.916677	0.000000
396.000010	0.000000
396.083344	0.000000
396.166677	0.000000
396.250010	0.000000
396.333344	0.000000
396.416677	0.000000
396.500010	0.000000
396.583344	0.000000
396.666677	0.000000
396.750010	0.000000
396.833344	0.000000
396.916677	0.000000
397.000010	0.000000
397.083344	0.000000
397.166677	0.000000
397.250010	0.000000
397.333344	0.000000
397.416677	0.000000
397.500010	16.854502
397.583344	114.112305
397.666677	69.374321
397.750010	12.378484
397.833344	0.000000
397.916677	0.000000
398.000010	0.000000
398.083344	0.000000
398.166677	0.000000
398.250010	97.391174
398.333344	124.992622
398.416677	28.703354
398.500010	0.882404
398.583344	0.000000
398.666677	0.000000
398.750010	0.000000
398.833344	0.011614
398.916677	0.004493
399.000010	0.000550
399.083344	0.000000
399.166677	0.000000
399.250010	0.000000
399.333344	0.000000
399.416677	205.632141
399.500010	265.327148
399.583344	68.279503
399.666677	3.756971
399.750010	0.000000
399.833344	0.000000
399.916677	0.000000
400.000010	0.022303
400.083344	0.010154
400.166677	0.001447
400.250010	0.000000
400.333344	0.000000
400.416677	0.000000
400.500010	0.000000
400.583344	0.000001
400.666677	16.620964
400.750010	109.004601
400.833344	59.342648
400.916677	9.460775
401.000010	0.000000
401.083344	0.000000
401.166677	0.000000
401.250010	0.000000
401.333344	0.006845
401.416677	0.001781
401.500010	0.000102
401.583344	0.000000
401.666677	0.000000
401.750010	0.000000
401.833344	0.000001
401.916677	0.000000
402.000010	35.698032
402.083344	253.024673
402.166677	165.882355
402.250010	131.389694
402.333344	79.994209
402.416677	17.771219
402.500011	90.097198
402.583344	265.957458
402.666677	299.928436
402.750011	439.090057
402.833344	489.458038
402.916677	199.662735
403.000011	26.336119
403.083344	0.000000
403.166677	14.168174
403.250011	160.071167
403.333344	339.959442
403.416677	185.462204
403.500011	289.578552
403.583344	308.860016
403.666677	370.723328
403.750011	360.974792
403.833344	103.583015
403.916677	211.347366
404.000011	277.515869
404.083344	198.377487
404.166677	458.200836
404.250011	715.968384
404.333344	519.411987
404.416677	729.398438
404.500011	494.739990
404.583344	411.045197
404.666677	1133.164795
404.750011	1330.255249
404.833344	828.392151
404.916677	881.460388
405.000011	1564.800049
405.083344	1538.650146
405.166677	883.200195
405.250011	791.140869
405.333344	1031.074341
405.416677	1357.329468
405.500011	1305.871338
405.583344	1081.265625
405.666677	1060.751343
405.750011	1445.298584
405.833344	1912.945923
405.916677	1665.777954
406.000011	1400.707153
406.083344	1537.100830
406.166677	1471.929199
406.250011	1144.686157
406.333344	1291.507813
406.416677	1052.453125
406.500011	1301.447266
406.583344	1812.356445
406.666677	1967.254761
406.750011	2242.872070
406.833344	1687.595825
406.916677	1085.825317
407.000011	963.588623
407.083344	682.428284
407.166677	290.244263
407.250011	253.841187
407.333344	168.680328
407.416677	323.034943
407.500011	245.717285
407.583344	52.173824
407.666677	123.341087
407.750011	208.048813
407.833344	322.828552
407.916677	276.455017
408.000011	160.804688
408.083344	58.311539
408.166677	6.511567
408.250011	0.000000
408.333344	2.334418
408.416677	80.609436
408.500011	138.710480
408.583344	210.950577
408.666677	275.153229
408.750011	83.269211
408.833344	88.969894
408.916677	86.446587
409.000011	17.444960
409.083344	0.000000
409.166677	0.000000
409.250011	0.000000
409.333344	0.000000
409.416677	0.008801
409.500011	0.002904
409.583344	0.000288
409.666677	0.000000
409.750011	0.000000
409.833344	0.000000
409.916677	0.000001
410.000011	0.000000
410.083344	0.000000
410.166677	0.000000
410.250011	0.000000
410.333344	0.000000
410.416677	0.000000
410.500011	0.000000
410.583344	0.000000
410.666677	0.000000
410.750011	0.000000
410.833344	0.000000
410.916677	0.000000
411.000011	0.000000
411.083344	0.000000
411.166677	0.000000
411.250011	0.000000
411.333344	0.000000
411.416677	0.000000
411.500011	0.000000
411.583344	0.000000
411.666677	0.000000
411.750011	0.000000
411.833344	0.000000
411.916677	0.000000
412.000011	0.000000
412.083344	0.000000
412.166677	0.000000
412.250011	0.000000
412.333344	0.000000
412.416677	0.000000
412.500011	0.000000
412.583344	0.000000
412.666677	0.000000
412.750011	0.000000
412.833344	0.000000
412.916677	0.000000
413.000011	0.000000
413.083344	0.000000
413.166677	0.000000
413.250011	0.000000
413.333344	0.000000
413.416677	0.000000
413.500011	0.000000
413.583344	0.000000
413.666678	0.000000
413.750011	0.000000
413.833344	0.000000
413.916678	0.000000
414.000011	0.000000
414.083344	0.000000
414.166678	0.000000
414.250011	0.000000
414.333344	0.000000
414.416678	0.000000
414.500011	0.000000
414.583344	14.893492
414.666678	103.594826
414.750011	64.110260
414.833344	11.597767
414.916678	0.000000
415.000011	0.000000
415.083344	0.000000
415.166678	0.000000
415.250011	0.006958
415.333344	0.002040
415.416678	0.000163
415.500011	0.000000
415.583344	0.000000
415.666678	0.000000
415.750011	0.000001
415.833344	0.000000
415.916678	0.000000
416.000011	0.000000
416.083344	0.000000
416.166678	0.000000
416.250011	0.000000
416.333344	0.000000
416.416678	0.000000
416.500011	0.000000
416.583344	0.000000
416.666678	0.000000
416.750011	0.000000
416.833344	0.000000
416.916678	0.000000
417.000011	0.000000
417.083344	0.000000
417.166678	0.000000
417.250011	0.000000
417.333344	0.000000
417.416678	0.000000
417.500011	0.000000
417.583344	0.000000
417.666678	9.317022
417.750011	159.166412
417.833344	127.692703
417.916678	26.926025
418.000011	0.286968
418.083344	0.000000
418.166678	0.000000
418.250011	0.000000
418.333344	0.012630
418.416678	0.004386
418.500011	0.000470
418.583344	0.000000
418.666678	0.000000
418.750011	0.000000
418.833344	0.000001
418.916678	0.000001
419.000011	0.000000
419.083344	0.000000
419.166678	0.000000
419.250011	0.000000
419.333344	0.000000
419.416678	0.000000
419.500011	0.000000
419.583344	0.000000
419.666678	0.000000
419.750011	0.000000
419.833344	0.000000
419.916678	0.000000
420.000011	0.000000
