SPECTRUM - MS
3_analyte_3_neutral_top3_150us_TDMAB.raw
ITMS + p APCI corona d Full ms2 157.45@cid0.00 [50.00-325.00]
Scan #: 3651
RT: 14.76
Data points: 3300
Mass	Intensity
50.083333	0.000000
50.166667	0.000000
50.250000	0.000000
50.333333	0.000000
50.416667	0.000000
50.500000	0.000000
50.583333	0.000000
50.666667	0.000000
50.750000	0.000000
50.833333	0.000000
50.916667	0.000000
51.000000	0.000000
51.083333	0.000000
51.166667	0.000000
51.250000	0.000000
51.333333	0.000000
51.416667	0.000000
51.500000	0.000000
51.583333	0.000000
51.666667	0.000000
51.750000	0.000000
51.833333	0.000000
51.916667	0.000000
52.000000	0.000000
52.083333	0.000000
52.166667	0.000000
52.250000	0.000000
52.333333	0.000000
52.416667	0.000000
52.500000	0.000000
52.583333	0.000000
52.666667	0.000000
52.750000	0.000000
52.833333	0.000000
52.916667	0.000000
53.000000	0.000000
53.083333	0.000000
53.166667	0.000000
53.250000	0.000000
53.333333	0.000000
53.416667	0.000000
53.500000	0.000000
53.583333	0.000000
53.666667	0.000000
53.750000	0.000000
53.833333	0.000000
53.916667	0.000000
54.000000	0.000000
54.083333	0.000000
54.166667	0.000000
54.250000	0.000000
54.333333	0.000000
54.416667	0.000000
54.500000	0.000000
54.583333	0.000000
54.666667	0.000000
54.750000	0.000000
54.833333	0.000000
54.916667	0.000000
55.000000	0.000000
55.083333	0.000000
55.166667	0.000000
55.250000	0.000000
55.333333	0.000000
55.416667	0.000000
55.500000	0.000000
55.583333	0.000000
55.666667	0.000000
55.750000	0.000000
55.833334	0.000000
55.916667	0.000000
56.000000	0.000000
56.083334	0.000000
56.166667	0.000000
56.250000	0.000000
56.333334	0.000000
56.416667	0.000000
56.500000	0.000000
56.583334	0.000000
56.666667	0.000000
56.750000	0.000000
56.833334	0.000000
56.916667	0.000000
57.000000	0.000000
57.083334	0.000000
57.166667	0.000000
57.250000	0.000000
57.333334	0.000000
57.416667	0.000000
57.500000	0.000000
57.583334	0.000000
57.666667	0.000000
57.750000	0.000000
57.833334	0.000000
57.916667	0.000000
58.000000	0.000000
58.083334	0.000000
58.166667	0.000000
58.250000	0.000000
58.333334	0.000000
58.416667	0.000000
58.500000	0.000000
58.583334	0.000000
58.666667	0.000000
58.750000	0.000000
58.833334	0.000000
58.916667	0.000000
59.000000	0.000000
59.083334	0.000000
59.166667	0.000000
59.250000	0.000000
59.333334	0.000000
59.416667	0.000000
59.500000	0.000000
59.583334	0.000000
59.666667	0.000000
59.750000	0.000000
59.833334	0.000000
59.916667	0.000000
60.000000	0.000000
60.083334	0.000000
60.166667	0.000000
60.250000	0.000000
60.333334	0.000000
60.416667	0.000000
60.500000	0.000000
60.583334	0.000000
60.666667	0.000000
60.750000	0.000000
60.833334	0.000000
60.916667	0.000000
61.000000	0.000000
61.083334	0.000000
61.166667	0.000000
61.250000	0.000000
61.333334	0.000000
61.416667	0.000000
61.500000	0.000000
61.583334	0.000000
61.666667	0.000000
61.750000	0.000000
61.833334	0.000000
61.916667	0.000000
62.000000	0.000000
62.083334	0.000000
62.166667	0.000000
62.250000	0.000000
62.333334	0.000000
62.416667	0.000000
62.500000	0.000000
62.583334	0.000000
62.666667	0.000000
62.750000	0.000000
62.833334	0.000000
62.916667	0.000000
63.000000	0.000000
63.083334	0.000000
63.166667	0.000000
63.250000	0.000000
63.333334	0.000000
63.416667	0.000000
63.500000	0.000000
63.583334	0.000000
63.666667	0.000000
63.750000	0.000000
63.833334	0.000000
63.916667	0.000000
64.000000	0.000000
64.083334	0.000000
64.166667	0.000000
64.250000	0.000000
64.333334	0.000000
64.416667	0.000000
64.500000	0.000000
64.583334	0.000000
64.666667	0.000000
64.750000	0.000000
64.833334	0.000000
64.916667	0.000000
65.000000	0.000000
65.083334	0.000000
65.166667	0.000000
65.250000	0.000000
65.333334	0.000000
65.416667	0.000000
65.500000	0.000000
65.583334	0.000000
65.666667	0.000000
65.750000	0.000000
65.833334	0.000000
65.916667	0.000000
66.000000	0.000000
66.083334	0.000000
66.166667	0.000000
66.250000	0.000000
66.333334	0.000000
66.416667	0.000000
66.500000	0.000000
66.583334	0.000000
66.666667	0.000000
66.750000	0.000000
66.833334	0.000000
66.916667	0.000000
67.000001	0.000000
67.083334	0.000000
67.166667	0.000000
67.250001	0.000000
67.333334	0.000000
67.416667	0.000000
67.500001	0.000000
67.583334	0.000000
67.666667	0.000000
67.750001	0.000000
67.833334	0.000000
67.916667	0.000000
68.000001	0.000000
68.083334	0.000000
68.166667	0.000000
68.250001	0.000000
68.333334	0.000000
68.416667	0.000000
68.500001	0.000000
68.583334	0.000000
68.666667	0.000000
68.750001	0.000000
68.833334	0.000000
68.916667	0.000000
69.000001	0.000000
69.083334	0.000000
69.166667	0.000000
69.250001	0.000000
69.333334	0.000000
69.416667	0.000000
69.500001	0.000000
69.583334	0.000000
69.666667	0.000000
69.750001	0.000000
69.833334	0.000000
69.916667	0.000000
70.000001	0.000000
70.083334	0.000000
70.166667	0.000000
70.250001	0.000000
70.333334	0.000000
70.416667	0.000000
70.500001	0.000000
70.583334	0.000000
70.666667	0.000000
70.750001	0.000000
70.833334	0.000000
70.916667	0.000000
71.000001	0.000000
71.083334	0.000000
71.166667	0.000000
71.250001	0.000000
71.333334	0.000000
71.416667	0.000000
71.500001	0.000000
71.583334	0.000000
71.666667	0.000000
71.750001	0.000000
71.833334	0.000000
71.916667	0.000000
72.000001	0.000000
72.083334	0.000000
72.166667	0.000000
72.250001	0.000000
72.333334	0.000000
72.416667	0.000000
72.500001	0.000000
72.583334	0.000000
72.666667	0.000000
72.750001	0.000000
72.833334	0.000000
72.916667	0.000000
73.000001	0.000000
73.083334	0.000000
73.166667	0.000000
73.250001	0.000000
73.333334	0.000000
73.416667	0.000000
73.500001	0.000000
73.583334	0.000000
73.666667	0.000000
73.750001	0.000000
73.833334	0.000000
73.916667	0.000000
74.000001	0.000000
74.083334	0.000000
74.166667	0.000000
74.250001	0.000000
74.333334	0.000000
74.416667	0.000000
74.500001	0.000000
74.583334	0.000000
74.666667	0.000000
74.750001	0.000000
74.833334	0.000000
74.916667	0.000000
75.000001	0.000000
75.083334	0.000000
75.166667	0.000000
75.250001	0.000000
75.333334	0.000000
75.416667	0.000000
75.500001	0.000000
75.583334	0.000000
75.666667	0.000000
75.750001	0.000000
75.833334	0.000000
75.916667	0.000000
76.000001	0.000000
76.083334	0.000000
76.166667	0.000000
76.250001	0.000000
76.333334	0.000000
76.416667	0.000000
76.500001	0.000000
76.583334	0.000000
76.666667	0.000000
76.750001	0.000000
76.833334	0.000000
76.916667	0.000000
77.000001	0.000000
77.083334	0.000000
77.166667	0.000000
77.250001	0.000000
77.333334	0.000000
77.416667	0.000000
77.500001	0.000000
77.583334	0.000000
77.666667	0.000000
77.750001	0.000000
77.833334	0.000000
77.916667	0.000000
78.000001	0.000000
78.083334	0.000000
78.166668	0.000000
78.250001	0.000000
78.333334	0.000000
78.416668	0.000000
78.500001	0.000000
78.583334	0.000000
78.666668	0.000000
78.750001	0.000000
78.833334	0.000000
78.916668	0.000000
79.000001	0.000000
79.083334	0.000000
79.166668	0.000000
79.250001	0.000000
79.333334	0.000000
79.416668	0.000000
79.500001	0.000000
79.583334	0.000000
79.666668	0.000000
79.750001	0.000000
79.833334	0.000000
79.916668	0.000000
80.000001	0.000000
80.083334	0.000000
80.166668	0.000000
80.250001	0.000000
80.333334	0.000000
80.416668	0.000000
80.500001	0.000000
80.583334	0.000000
80.666668	0.000000
80.750001	0.000000
80.833334	0.000000
80.916668	0.000000
81.000001	0.000000
81.083334	0.000000
81.166668	0.000000
81.250001	0.000000
81.333334	0.000000
81.416668	0.000000
81.500001	0.000000
81.583334	0.000000
81.666668	0.000000
81.750001	0.000000
81.833334	0.000000
81.916668	0.000000
82.000001	0.000000
82.083334	0.000000
82.166668	54.688740
82.250001	75.668198
82.333334	21.280069
82.416668	1.535041
82.500001	0.000000
82.583334	0.000000
82.666668	0.000000
82.750001	0.005781
82.833334	0.003049
82.916668	0.000482
83.000001	0.000000
83.083334	0.000000
83.166668	0.000000
83.250001	0.000000
83.333334	0.000000
83.416668	0.000000
83.500001	0.000000
83.583334	0.000000
83.666668	0.000000
83.750001	0.000000
83.833334	0.000000
83.916668	0.000000
84.000001	0.000000
84.083334	0.000000
84.166668	0.000000
84.250001	0.000000
84.333334	0.000000
84.416668	0.000000
84.500001	0.000000
84.583334	0.000000
84.666668	0.000000
84.750001	0.000000
84.833334	0.000000
84.916668	0.000000
85.000001	0.000000
85.083334	0.000000
85.166668	0.000000
85.250001	0.000000
85.333334	0.000000
85.416668	0.000000
85.500001	0.000000
85.583334	0.000000
85.666668	0.000000
85.750001	0.000000
85.833334	0.000000
85.916668	0.000000
86.000001	0.000000
86.083334	0.000000
86.166668	0.000000
86.250001	0.000000
86.333334	0.000000
86.416668	0.000000
86.500001	0.000000
86.583334	0.000000
86.666668	0.000000
86.750001	0.000000
86.833334	0.000000
86.916668	0.000000
87.000001	0.000000
87.083334	0.000000
87.166668	0.000000
87.250001	0.000000
87.333334	0.000000
87.416668	0.000000
87.500001	0.000000
87.583334	0.000000
87.666668	0.000000
87.750001	0.000000
87.833334	0.000000
87.916668	0.000000
88.000001	0.000000
88.083334	0.000000
88.166668	0.000000
88.250001	0.000000
88.333334	0.000000
88.416668	0.000000
88.500001	0.000000
88.583334	0.000000
88.666668	0.000000
88.750001	0.000000
88.833334	0.000000
88.916668	0.000000
89.000001	0.000000
89.083334	0.000000
89.166668	0.000000
89.250001	0.000000
89.333335	0.000000
89.416668	0.000000
89.500001	0.000000
89.583335	0.000000
89.666668	0.000000
89.750001	0.000000
89.833335	0.000000
89.916668	0.000000
90.000001	0.000000
90.083335	0.000000
90.166668	0.000000
90.250001	0.000000
90.333335	0.000000
90.416668	0.000000
90.500001	0.000000
90.583335	0.000000
90.666668	0.000000
90.750001	0.000000
90.833335	0.000000
90.916668	0.000000
91.000001	0.000000
91.083335	0.000000
91.166668	0.000000
91.250001	0.000000
91.333335	0.000000
91.416668	0.000000
91.500001	0.000000
91.583335	0.000000
91.666668	0.000000
91.750001	0.000000
91.833335	0.000000
91.916668	0.000000
92.000001	0.000000
92.083335	0.000000
92.166668	0.000000
92.250001	0.000000
92.333335	0.000000
92.416668	0.000000
92.500001	0.000000
92.583335	0.000000
92.666668	0.000000
92.750001	0.000000
92.833335	0.000000
92.916668	0.000000
93.000001	0.000000
93.083335	0.000000
93.166668	0.000000
93.250001	0.000000
93.333335	0.000000
93.416668	0.000000
93.500001	0.000000
93.583335	0.000000
93.666668	0.000000
93.750001	0.000000
93.833335	0.000000
93.916668	0.000000
94.000001	0.000000
94.083335	0.000000
94.166668	0.000000
94.250001	0.000000
94.333335	0.000000
94.416668	0.000000
94.500001	0.000000
94.583335	0.000000
94.666668	0.000000
94.750001	0.000000
94.833335	0.000000
94.916668	0.000000
95.000001	0.000000
95.083335	0.000000
95.166668	0.000000
95.250001	0.000000
95.333335	0.000000
95.416668	0.000000
95.500001	0.000000
95.583335	0.000000
95.666668	0.000000
95.750001	0.000000
95.833335	0.000000
95.916668	0.000000
96.000001	0.000000
96.083335	0.000000
96.166668	0.000000
96.250001	0.000000
96.333335	0.000000
96.416668	0.000000
96.500001	0.000000
96.583335	0.000000
96.666668	0.000000
96.750001	0.000000
96.833335	0.000000
96.916668	0.000000
97.000001	0.000000
97.083335	0.000000
97.166668	0.000000
97.250001	0.000000
97.333335	0.000000
97.416668	0.000000
97.500001	0.000000
97.583335	0.000000
97.666668	0.000000
97.750001	0.000000
97.833335	0.000000
97.916668	0.000000
98.000001	0.000000
98.083335	0.000000
98.166668	0.000000
98.250001	0.000000
98.333335	0.000000
98.416668	0.000000
98.500001	0.000000
98.583335	0.000000
98.666668	0.000000
98.750001	0.000000
98.833335	0.000000
98.916668	0.000000
99.000001	0.000000
99.083335	0.000000
99.166668	0.000000
99.250001	0.000000
99.333335	0.000000
99.416668	0.000000
99.500001	0.000000
99.583335	0.000000
99.666668	0.000000
99.750001	0.000000
99.833335	0.000000
99.916668	0.000000
100.000001	0.000000
100.083335	0.000000
100.166668	0.000000
100.250001	0.000000
100.333335	0.000000
100.416668	0.000000
100.500002	0.000000
100.583335	0.000000
100.666668	0.000000
100.750002	0.000000
100.833335	0.000000
100.916668	1.621847
101.000002	93.908974
101.083335	60.774841
101.166668	11.576175
101.250002	0.000000
101.333335	0.000000
101.416668	0.000000
101.500002	0.000000
101.583335	0.006407
101.666668	0.001983
101.750002	0.000176
101.833335	0.000000
101.916668	0.000000
102.000002	0.000000
102.083335	0.000000
102.166668	0.000000
102.250002	0.000000
102.333335	0.000000
102.416668	0.000000
102.500002	0.000000
102.583335	0.000000
102.666668	0.000000
102.750002	0.000000
102.833335	0.000000
102.916668	0.000000
103.000002	0.000000
103.083335	0.000000
103.166668	0.000000
103.250002	0.000000
103.333335	0.000000
103.416668	0.000000
103.500002	0.000000
103.583335	0.000000
103.666668	0.000000
103.750002	0.000000
103.833335	0.000000
103.916668	66.422646
104.000002	121.702843
104.083335	32.178749
104.166668	1.440416
104.250002	0.000000
104.333335	0.000000
104.416668	0.000000
104.500002	0.011570
104.583335	0.004891
104.666668	0.000655
104.750002	0.000000
104.833335	0.000000
104.916668	0.000000
105.000002	0.000000
105.083335	0.000001
105.166668	0.000000
105.250002	0.000000
105.333335	0.000000
105.416668	0.000000
105.500002	0.000000
105.583335	0.000000
105.666668	0.000000
105.750002	0.000000
105.833335	0.000000
105.916668	0.000000
106.000002	0.000000
106.083335	0.000000
106.166668	0.000000
106.250002	0.000000
106.333335	0.000000
106.416668	0.000000
106.500002	0.000000
106.583335	0.000000
106.666668	0.000000
106.750002	19.440279
106.833335	140.615341
106.916668	81.099564
107.000002	12.862631
107.083335	0.000000
107.166668	0.000000
107.250002	0.000000
107.333335	0.000000
107.416668	0.009376
107.500002	0.002428
107.583335	0.000137
107.666668	0.000000
107.750002	0.000000
107.833335	0.000000
107.916668	0.000001
108.000002	0.000000
108.083335	0.000000
108.166668	0.000000
108.250002	0.000000
108.333335	0.000000
108.416668	0.000000
108.500002	0.000000
108.583335	0.000000
108.666668	0.000000
108.750002	0.000000
108.833335	0.000000
108.916668	0.000000
109.000002	0.000000
109.083335	0.000000
109.166668	0.000000
109.250002	0.000000
109.333335	0.000000
109.416668	0.000000
109.500002	0.000000
109.583335	0.000000
109.666668	0.000000
109.750002	0.000000
109.833335	0.000000
109.916668	0.000000
110.000002	0.000000
110.083335	0.000000
110.166668	0.000000
110.250002	0.000000
110.333335	0.000000
110.416668	0.000000
110.500002	0.000000
110.583335	0.000000
110.666668	0.000000
110.750002	0.000000
110.833335	0.000000
110.916668	0.000000
111.000002	0.000000
111.083335	0.000000
111.166668	0.000000
111.250002	0.000000
111.333335	0.000000
111.416668	0.000000
111.500002	0.000000
111.583335	0.000000
111.666669	0.000000
111.750002	0.000000
111.833335	0.000000
111.916669	0.000000
112.000002	0.000000
112.083335	0.000000
112.166669	0.000000
112.250002	0.000000
112.333335	0.000000
112.416669	0.000000
112.500002	0.000000
112.583335	0.000000
112.666669	0.000000
112.750002	0.000000
112.833335	0.000000
112.916669	0.000000
113.000002	0.000000
113.083335	0.000000
113.166669	0.000000
113.250002	0.000000
113.333335	0.000000
113.416669	0.000000
113.500002	0.000000
113.583335	0.000000
113.666669	0.000000
113.750002	0.000000
113.833335	0.000000
113.916669	0.000000
114.000002	0.000000
114.083335	0.000000
114.166669	0.000000
114.250002	0.000000
114.333335	0.000000
114.416669	0.000000
114.500002	0.000000
114.583335	0.000000
114.666669	0.000000
114.750002	0.000000
114.833335	0.000000
114.916669	0.000000
115.000002	0.000000
115.083335	0.000000
115.166669	0.000000
115.250002	0.000000
115.333335	0.000000
115.416669	0.000000
115.500002	0.000000
115.583335	0.000000
115.666669	0.000000
115.750002	0.000000
115.833335	0.000000
115.916669	0.000000
116.000002	0.000000
116.083335	0.000000
116.166669	0.000000
116.250002	0.000000
116.333335	0.000000
116.416669	0.000000
116.500002	0.000000
116.583335	0.000000
116.666669	0.000000
116.750002	0.000000
116.833335	0.000000
116.916669	0.000000
117.000002	0.000000
117.083335	0.000000
117.166669	0.000000
117.250002	0.000000
117.333335	0.000000
117.416669	0.000000
117.500002	0.000000
117.583335	0.000000
117.666669	0.000000
117.750002	0.000000
117.833335	0.000000
117.916669	0.000000
118.000002	0.000000
118.083335	0.000000
118.166669	0.000000
118.250002	0.000000
118.333335	0.000000
118.416669	0.000000
118.500002	0.000000
118.583335	0.000000
118.666669	0.000000
118.750002	0.000000
118.833335	0.000000
118.916669	0.000000
119.000002	0.000000
119.083335	0.000000
119.166669	0.000000
119.250002	0.000000
119.333335	0.000000
119.416669	0.000000
119.500002	0.000000
119.583335	0.000000
119.666669	0.000000
119.750002	0.000000
119.833335	0.000000
119.916669	0.000000
120.000002	0.000000
120.083335	0.000000
120.166669	0.000000
120.250002	0.000000
120.333335	0.000000
120.416669	0.000000
120.500002	0.000000
120.583335	0.000000
120.666669	0.000000
120.750002	0.000000
120.833335	0.000000
120.916669	0.000000
121.000002	0.000000
121.083335	0.000000
121.166669	0.000000
121.250002	0.000000
121.333335	0.000000
121.416669	0.000000
121.500002	0.000000
121.583335	0.000000
121.666669	0.000000
121.750002	0.000000
121.833335	0.000000
121.916669	0.000000
122.000002	0.000000
122.083335	0.000000
122.166669	0.000000
122.250002	0.000000
122.333335	0.000000
122.416669	0.000000
122.500002	0.000000
122.583335	0.000000
122.666669	0.000000
122.750002	0.000000
122.833336	0.000000
122.916669	0.000000
123.000002	0.000000
123.083336	0.000000
123.166669	0.000000
123.250002	0.000000
123.333336	0.000000
123.416669	0.000000
123.500002	0.000000
123.583336	0.000000
123.666669	0.000000
123.750002	0.000000
123.833336	0.000000
123.916669	0.000000
124.000002	0.000000
124.083336	0.000000
124.166669	0.000000
124.250002	0.000000
124.333336	0.000000
124.416669	0.000000
124.500002	0.000000
124.583336	0.000000
124.666669	0.000000
124.750002	0.000000
124.833336	0.000000
124.916669	0.000000
125.000002	0.000000
125.083336	0.000000
125.166669	0.000000
125.250002	0.000000
125.333336	0.000000
125.416669	0.000000
125.500002	0.000000
125.583336	0.000000
125.666669	0.000000
125.750002	0.000000
125.833336	0.000000
125.916669	0.000000
126.000002	0.000000
126.083336	0.000000
126.166669	0.000000
126.250002	0.000000
126.333336	0.000000
126.416669	0.000000
126.500002	0.000000
126.583336	0.000000
126.666669	0.000000
126.750002	0.000000
126.833336	0.000000
126.916669	0.000000
127.000002	0.000000
127.083336	0.000000
127.166669	0.000000
127.250002	0.000000
127.333336	0.000000
127.416669	0.000000
127.500002	0.000000
127.583336	0.000000
127.666669	0.000000
127.750002	0.000000
127.833336	0.000000
127.916669	0.000000
128.000002	0.000000
128.083336	0.000000
128.166669	0.000000
128.250002	0.000000
128.333336	0.000000
128.416669	0.000000
128.500002	0.000000
128.583336	0.000000
128.666669	0.000000
128.750002	0.000000
128.833336	0.000000
128.916669	0.000000
129.000002	0.000000
129.083336	0.000000
129.166669	0.000000
129.250002	0.000000
129.333336	0.000000
129.416669	0.000000
129.500002	0.000000
129.583336	0.000000
129.666669	0.000000
129.750002	0.000000
129.833336	0.000000
129.916669	0.000000
130.000002	0.000000
130.083336	0.000000
130.166669	0.000000
130.250002	0.000000
130.333336	0.000000
130.416669	0.000000
130.500002	0.000000
130.583336	0.000000
130.666669	0.000000
130.750002	0.000000
130.833336	0.000000
130.916669	0.000000
131.000002	0.000000
131.083336	0.000000
131.166669	0.000000
131.250002	0.000000
131.333336	0.000000
131.416669	0.000000
131.500002	0.000000
131.583336	0.000000
131.666669	0.000000
131.750002	0.000000
131.833336	0.000000
131.916669	0.000000
132.000002	0.000000
132.083336	0.000000
132.166669	0.000000
132.250002	0.000000
132.333336	0.000000
132.416669	0.000000
132.500002	0.000000
132.583336	0.000000
132.666669	0.000000
132.750002	0.000000
132.833336	0.000000
132.916669	0.000000
133.000002	0.000000
133.083336	0.000000
133.166669	0.000000
133.250002	0.000000
133.333336	0.000000
133.416669	0.000000
133.500002	0.000000
133.583336	0.000000
133.666669	0.000000
133.750002	0.000000
133.833336	0.000000
133.916669	0.000000
134.000003	0.000000
134.083336	0.000000
134.166669	0.000000
134.250003	0.000000
134.333336	0.000000
134.416669	0.000000
134.500003	0.000000
134.583336	0.000000
134.666669	0.000000
134.750003	0.000000
134.833336	0.000000
134.916669	0.000000
135.000003	0.000000
135.083336	0.000000
135.166669	0.000000
135.250003	0.000000
135.333336	0.000000
135.416669	0.000000
135.500003	0.000000
135.583336	0.000000
135.666669	0.000000
135.750003	0.000000
135.833336	0.000000
135.916669	0.000000
136.000003	0.000000
136.083336	0.000000
136.166669	0.000000
136.250003	0.000000
136.333336	0.000000
136.416669	0.000000
136.500003	0.000000
136.583336	0.000000
136.666669	0.000000
136.750003	0.000000
136.833336	0.000000
136.916669	0.000000
137.000003	0.000000
137.083336	0.000000
137.166669	0.000000
137.250003	0.000000
137.333336	0.000000
137.416669	0.000000
137.500003	0.000000
137.583336	0.000000
137.666669	0.000000
137.750003	0.000000
137.833336	0.000000
137.916669	0.000000
138.000003	0.000000
138.083336	0.000000
138.166669	0.000000
138.250003	0.000000
138.333336	0.000000
138.416669	0.000000
138.500003	0.000000
138.583336	0.000000
138.666669	0.000000
138.750003	0.000000
138.833336	0.000000
138.916669	0.000000
139.000003	0.000000
139.083336	0.000000
139.166669	0.000000
139.250003	0.000000
139.333336	0.000000
139.416669	0.000000
139.500003	0.000000
139.583336	0.000000
139.666669	0.000000
139.750003	0.000000
139.833336	0.000000
139.916669	0.000000
140.000003	0.000000
140.083336	0.000000
140.166669	0.000000
140.250003	0.000000
140.333336	0.000000
140.416669	0.000000
140.500003	0.000000
140.583336	0.000000
140.666669	0.000000
140.750003	0.000000
140.833336	0.000000
140.916669	0.000000
141.000003	0.000000
141.083336	0.000000
141.166669	0.000000
141.250003	0.000000
141.333336	0.000000
141.416669	0.000000
141.500003	0.000000
141.583336	0.000000
141.666669	0.000000
141.750003	0.000000
141.833336	0.000000
141.916669	0.000000
142.000003	0.000000
142.083336	0.000000
142.166669	0.000000
142.250003	0.000000
142.333336	0.000000
142.416669	0.000000
142.500003	0.000000
142.583336	0.000000
142.666669	0.000000
142.750003	0.000000
142.833336	0.000000
142.916669	0.000000
143.000003	0.000000
143.083336	0.000000
143.166669	0.000000
143.250003	0.000000
143.333336	0.000000
143.416669	0.000000
143.500003	0.000000
143.583336	0.000000
143.666669	0.000000
143.750003	0.000000
143.833336	0.000000
143.916669	0.000000
144.000003	0.000000
144.083336	0.000000
144.166669	0.000000
144.250003	0.000000
144.333336	0.000000
144.416669	0.000000
144.500003	0.000000
144.583336	0.000000
144.666669	0.000000
144.750003	0.000000
144.833336	0.000000
144.916669	0.000000
145.000003	0.000000
145.083336	0.000000
145.166670	0.000000
145.250003	0.000000
145.333336	0.000000
145.416670	0.000000
145.500003	0.000000
145.583336	0.000000
145.666670	0.000000
145.750003	0.000000
145.833336	0.000000
145.916670	0.000000
146.000003	0.000000
146.083336	0.000000
146.166670	0.000000
146.250003	0.000000
146.333336	0.000000
146.416670	0.000000
146.500003	0.000000
146.583336	0.000000
146.666670	0.000000
146.750003	0.000000
146.833336	0.000000
146.916670	0.000000
147.000003	0.000000
147.083336	0.000000
147.166670	0.000000
147.250003	0.000000
147.333336	0.000000
147.416670	0.000000
147.500003	0.000000
147.583336	0.000000
147.666670	0.000000
147.750003	0.000000
147.833336	0.000000
147.916670	0.000000
148.000003	0.000000
148.083336	0.000000
148.166670	0.000000
148.250003	0.000000
148.333336	0.000000
148.416670	0.000000
148.500003	0.000000
148.583336	0.000000
148.666670	0.000000
148.750003	0.000000
148.833336	0.000000
148.916670	0.000000
149.000003	0.000000
149.083336	0.000000
149.166670	0.000000
149.250003	0.000000
149.333336	0.000000
149.416670	0.000000
149.500003	0.000000
149.583336	0.000000
149.666670	0.000000
149.750003	0.000000
149.833336	0.000000
149.916670	0.000000
150.000003	0.000000
150.083336	0.000000
150.166670	0.000000
150.250003	0.000000
150.333336	0.000000
150.416670	0.000000
150.500003	0.000000
150.583336	0.000000
150.666670	0.000000
150.750003	0.000000
150.833336	0.000000
150.916670	0.000000
151.000003	0.000000
151.083336	0.000000
151.166670	0.000000
151.250003	0.000000
151.333336	0.000000
151.416670	0.000000
151.500003	0.000000
151.583336	0.000000
151.666670	0.000000
151.750003	0.000000
151.833336	0.000000
151.916670	0.000000
152.000003	0.000000
152.083336	0.000000
152.166670	0.000000
152.250003	0.000000
152.333336	0.000000
152.416670	0.000000
152.500003	0.000000
152.583336	0.000000
152.666670	0.000000
152.750003	0.000000
152.833336	0.000000
152.916670	0.000000
153.000003	0.000000
153.083336	0.000000
153.166670	0.000000
153.250003	0.000000
153.333336	0.000000
153.416670	0.000000
153.500003	0.000000
153.583336	0.000000
153.666670	0.000000
153.750003	0.000000
153.833336	0.000000
153.916670	0.000000
154.000003	0.000000
154.083336	0.000000
154.166670	0.000000
154.250003	0.000000
154.333336	0.000000
154.416670	0.000000
154.500003	0.000000
154.583336	0.000000
154.666670	0.000000
154.750003	0.000000
154.833336	0.000000
154.916670	0.000000
155.000003	0.000000
155.083336	0.000000
155.166670	0.000000
155.250003	0.000000
155.333336	0.000000
155.416670	0.000000
155.500003	0.000000
155.583336	0.000000
155.666670	0.000000
155.750003	0.000000
155.833336	0.000000
155.916670	26.786194
156.000003	245.419357
156.083336	596.572754
156.166670	1421.392334
156.250003	2425.816895
156.333337	4776.715332
156.416670	7006.125977
156.500003	11718.015625
156.583337	25729.695313
156.666670	54971.484375
156.750003	120405.960938
156.833337	220855.125000
156.916670	381047.000000
157.000003	471680.656250
157.083337	397856.312500
157.166670	252792.921875
157.250003	108758.203125
157.333337	32895.101563
157.416670	8121.360352
157.500003	2187.268555
157.583337	1137.661743
157.666670	1048.096069
157.750003	1206.452393
157.833337	1481.057373
157.916670	2145.341553
158.000003	2460.644287
158.083337	1583.316772
158.166670	1102.788940
158.250003	457.521149
158.333337	111.146263
158.416670	6.215096
158.500003	0.000000
158.583337	0.000000
158.666670	0.000000
158.750003	0.035982
158.833337	0.016498
158.916670	0.002365
159.000003	0.000000
159.083337	0.000000
159.166670	0.000000
159.250003	0.000001
159.333337	0.000002
159.416670	0.000000
159.500003	0.000000
159.583337	0.000000
159.666670	0.000000
159.750003	0.000000
159.833337	0.000000
159.916670	0.000000
160.000003	0.000000
160.083337	0.000000
160.166670	0.000000
160.250003	0.000000
160.333337	0.000000
160.416670	0.000000
160.500003	0.000000
160.583337	0.000000
160.666670	0.000000
160.750003	0.000000
160.833337	0.000000
160.916670	0.000000
161.000003	0.000000
161.083337	0.000000
161.166670	0.000000
161.250003	0.000000
161.333337	0.000000
161.416670	0.000000
161.500003	0.000000
161.583337	0.000000
161.666670	0.000000
161.750003	0.000000
161.833337	0.000000
161.916670	0.000000
162.000003	0.000000
162.083337	0.000000
162.166670	0.000000
162.250003	0.000000
162.333337	0.000000
162.416670	0.000000
162.500003	0.000000
162.583337	0.000000
162.666670	0.000000
162.750003	0.000000
162.833337	0.000000
162.916670	0.000000
163.000003	0.000000
163.083337	0.000000
163.166670	0.000000
163.250003	0.000000
163.333337	0.000000
163.416670	0.000000
163.500003	0.000000
163.583337	0.000000
163.666670	0.000000
163.750003	0.000000
163.833337	0.000000
163.916670	0.000000
164.000003	0.000000
164.083337	0.000000
164.166670	0.000000
164.250003	0.000000
164.333337	0.000000
164.416670	0.000000
164.500003	0.000000
164.583337	0.000000
164.666670	0.000000
164.750003	0.000000
164.833337	0.000000
164.916670	0.000000
165.000003	0.000000
165.083337	0.000000
165.166670	0.000000
165.250003	0.000000
165.333337	0.000000
165.416670	0.000000
165.500003	0.000000
165.583337	0.000000
165.666670	0.000000
165.750003	0.000000
165.833337	0.000000
165.916670	0.000000
166.000003	0.000000
166.083337	0.000000
166.166670	0.000000
166.250003	0.000000
166.333337	0.000000
166.416670	0.000000
166.500003	0.000000
166.583337	0.000000
166.666670	0.000000
166.750003	0.000000
166.833337	0.000000
166.916670	0.000000
167.000003	0.000000
167.083337	0.000000
167.166670	0.000000
167.250003	0.000000
167.333337	0.000000
167.416670	0.000000
167.500004	0.000000
167.583337	0.000000
167.666670	0.000000
167.750004	0.000000
167.833337	0.000000
167.916670	0.000000
168.000004	0.000000
168.083337	0.000000
168.166670	0.000000
168.250004	0.000000
168.333337	0.000000
168.416670	0.000000
168.500004	0.000000
168.583337	0.000000
168.666670	0.000000
168.750004	0.000000
168.833337	0.000000
168.916670	0.000000
169.000004	0.000000
169.083337	0.000000
169.166670	0.000000
169.250004	0.000000
169.333337	0.000000
169.416670	0.000000
169.500004	0.000000
169.583337	0.000000
169.666670	0.000000
169.750004	0.000000
169.833337	0.000000
169.916670	0.000000
170.000004	0.000000
170.083337	0.000000
170.166670	0.000000
170.250004	0.000000
170.333337	0.000000
170.416670	0.000000
170.500004	0.000000
170.583337	0.000000
170.666670	0.000000
170.750004	0.000000
170.833337	0.000000
170.916670	0.000000
171.000004	0.000000
171.083337	0.000000
171.166670	0.000000
171.250004	0.000000
171.333337	0.000000
171.416670	0.000000
171.500004	0.000000
171.583337	0.000000
171.666670	0.000000
171.750004	0.000000
171.833337	0.000000
171.916670	0.000000
172.000004	0.000000
172.083337	0.000000
172.166670	0.000000
172.250004	0.000000
172.333337	0.000000
172.416670	0.000000
172.500004	40.888145
172.583337	108.363007
172.666670	47.568336
172.750004	6.833906
172.833337	0.000000
172.916670	0.000000
173.000004	0.000000
173.083337	0.001999
173.166670	0.005727
173.250004	39.765465
173.333337	145.107239
173.416670	76.846413
173.500004	13.066514
173.583337	0.000000
173.666670	22.652224
173.750004	229.832565
173.833337	334.260864
173.916670	307.659607
174.000004	272.580780
174.083337	178.418976
174.166670	176.109726
174.250004	424.204712
174.333337	410.204224
174.416670	407.859589
174.500004	403.725739
174.583337	690.679199
174.666670	849.690979
174.750004	1060.748169
174.833337	1103.655273
174.916670	1058.020630
175.000004	588.755859
175.083337	371.829956
175.166670	324.338837
175.250004	133.713913
175.333337	19.200613
175.416670	0.000000
175.500004	0.000000
175.583337	0.000000
175.666670	0.005650
175.750004	0.016100
175.833337	0.003835
175.916670	0.000149
176.000004	0.000000
176.083337	0.000000
176.166670	0.000000
176.250004	0.000001
176.333337	0.000001
176.416670	9.610456
176.500004	104.572983
176.583337	87.549873
176.666670	19.081423
176.750004	0.355825
176.833337	0.000000
176.916670	0.000000
177.000004	0.000000
177.083337	0.008461
177.166670	0.003060
177.250004	0.000346
177.333337	0.000000
177.416670	0.000000
177.500004	0.000000
177.583337	0.000000
177.666670	0.000000
177.750004	0.000000
177.833337	0.000000
177.916670	0.000000
178.000004	0.000000
178.083337	0.000000
178.166670	0.000000
178.250004	0.000000
178.333337	0.000000
178.416670	0.000000
178.500004	0.000000
178.583337	0.000000
178.666671	0.000000
178.750004	0.000000
178.833337	0.000000
178.916671	0.000000
179.000004	0.000000
179.083337	0.000000
179.166671	0.000000
179.250004	0.000000
179.333337	0.000000
179.416671	0.000000
179.500004	0.000000
179.583337	0.000000
179.666671	0.000000
179.750004	0.000000
179.833337	0.000000
179.916671	0.000000
180.000004	0.000000
180.083337	0.000000
180.166671	0.000000
180.250004	0.000000
180.333337	0.000000
180.416671	0.000000
180.500004	0.000000
180.583337	0.000000
180.666671	0.000000
180.750004	0.000000
180.833337	0.000000
180.916671	0.000000
181.000004	0.000000
181.083337	0.000000
181.166671	0.000000
181.250004	0.000000
181.333337	0.000000
181.416671	0.000000
181.500004	0.000000
181.583337	0.000000
181.666671	0.000000
181.750004	0.000000
181.833337	0.000000
181.916671	0.000000
182.000004	0.000000
182.083337	0.000000
182.166671	0.000000
182.250004	0.000000
182.333337	0.000000
182.416671	0.000000
182.500004	0.000000
182.583337	0.000000
182.666671	0.000000
182.750004	0.000000
182.833337	0.000000
182.916671	0.000000
183.000004	0.000000
183.083337	0.000000
183.166671	0.000000
183.250004	47.384892
183.333337	65.551155
183.416671	18.450424
183.500004	1.333676
183.583337	0.000000
183.666671	0.000000
183.750004	0.000000
183.833337	0.005004
183.916671	0.002642
184.000004	0.000418
184.083337	0.000000
184.166671	0.000000
184.250004	0.000000
184.333337	0.000000
184.416671	0.000000
184.500004	0.000000
184.583337	0.000000
184.666671	0.000000
184.750004	0.000000
184.833337	0.000000
184.916671	0.000000
185.000004	0.000000
185.083337	0.000000
185.166671	0.000000
185.250004	0.000000
185.333337	0.000000
185.416671	0.000000
185.500004	0.000000
185.583337	0.000000
185.666671	0.000000
185.750004	0.000000
185.833337	0.000000
185.916671	0.000000
186.000004	5.468010
186.083337	91.727615
186.166671	158.070511
186.250004	61.698086
186.333337	7.894323
186.416671	0.000000
186.500004	0.000000
186.583337	0.000000
186.666671	0.005704
186.750004	0.000000
186.833337	148.921219
186.916671	277.162384
187.000004	98.762367
187.083337	114.557854
187.166671	128.774582
187.250004	118.364136
187.333337	302.651611
187.416671	251.794250
187.500004	102.333572
187.583337	14.787537
187.666671	0.000000
187.750004	60.274609
187.833337	332.691864
187.916671	656.813599
188.000004	695.929443
188.083337	570.853149
188.166671	775.923462
188.250004	1378.614990
188.333337	1429.238892
188.416671	1566.827026
188.500004	1942.372681
188.583337	2541.974609
188.666671	3044.495361
188.750004	4094.247559
188.833337	4571.964844
188.916671	4152.662598
189.000004	3107.631348
189.083337	2096.448242
189.166671	1011.092834
189.250004	537.667969
189.333337	134.968567
189.416671	6.679710
189.500004	0.000000
189.583337	0.000000
189.666671	0.000000
189.750004	0.046481
189.833338	11.206653
189.916671	104.851654
190.000004	74.581261
190.083338	13.167110
190.166671	0.000000
190.250004	0.000000
190.333338	0.000000
190.416671	0.000000
190.500004	0.008195
190.583338	0.002346
190.666671	0.000177
190.750004	0.000000
190.833338	0.000000
190.916671	0.000000
191.000004	0.000001
191.083338	0.000000
191.166671	0.000000
191.250004	0.000000
191.333338	0.000000
191.416671	0.000000
191.500004	0.000000
191.583338	0.000000
191.666671	0.000000
191.750004	0.000000
191.833338	0.000000
191.916671	0.000000
192.000004	0.000000
192.083338	0.000000
192.166671	0.000000
192.250004	0.000000
192.333338	0.000000
192.416671	0.000000
192.500004	0.000000
192.583338	0.000000
192.666671	0.000000
192.750004	0.000000
192.833338	0.000000
192.916671	0.000000
193.000004	0.000000
193.083338	0.000000
193.166671	0.000000
193.250004	0.000000
193.333338	0.000000
193.416671	0.000000
193.500004	0.000000
193.583338	0.000000
193.666671	0.000000
193.750004	0.000000
193.833338	0.000000
193.916671	0.000000
194.000004	0.000000
194.083338	0.000000
194.166671	0.000000
194.250004	0.000000
194.333338	0.000000
194.416671	0.000000
194.500004	0.000000
194.583338	0.000000
194.666671	0.000000
194.750004	0.000000
194.833338	0.000000
194.916671	0.000000
195.000004	0.000000
195.083338	0.000000
195.166671	0.000000
195.250004	0.000000
195.333338	0.000000
195.416671	0.000000
195.500004	0.000000
195.583338	0.000000
195.666671	0.000000
195.750004	0.000000
195.833338	0.000000
195.916671	0.000000
196.000004	0.000000
196.083338	0.000000
196.166671	0.000000
196.250004	0.000000
196.333338	0.000000
196.416671	0.000000
196.500004	0.000000
196.583338	0.000000
196.666671	0.000000
196.750004	0.000000
196.833338	0.000000
196.916671	0.000000
197.000004	0.000000
197.083338	0.000000
197.166671	11.521337
197.250004	73.941895
197.333338	45.454384
197.416671	178.305344
197.500004	191.085327
197.583338	46.467175
197.666671	2.012169
197.750004	0.000000
197.833338	0.000000
197.916671	0.000000
198.000004	12.821757
198.083338	176.027283
198.166671	104.572174
198.250004	14.777627
198.333338	0.000000
198.416671	0.000000
198.500004	0.000000
198.583338	0.000000
198.666671	59.439590
198.750004	139.139084
198.833338	46.845638
198.916671	130.805145
199.000004	359.687469
199.083338	428.158417
199.166671	377.122864
199.250004	215.787537
199.333338	46.641682
199.416671	7.912609
199.500004	83.246613
199.583338	75.102051
199.666671	16.844341
199.750004	38.663372
199.833338	456.608490
199.916671	661.957947
200.000004	463.837921
200.083338	472.190369
200.166671	390.754761
200.250004	158.559036
200.333338	280.014557
200.416671	420.750214
200.500004	376.815735
200.583338	179.072739
200.666671	332.120483
200.750004	519.732300
200.833338	704.693604
200.916671	898.046387
201.000005	1155.758423
201.083338	1306.260986
201.166671	1267.957520
201.250005	808.598755
201.333338	238.977066
201.416671	21.051292
201.500005	0.000000
201.583338	0.000000
201.666671	0.000000
201.750005	0.052686
201.833338	0.033015
201.916671	0.005733
202.000005	0.000000
202.083338	0.000000
202.166671	0.000000
202.250005	0.000000
202.333338	0.000004
202.416671	0.000001
202.500005	0.000000
202.583338	0.000000
202.666671	0.000000
202.750005	0.000000
202.833338	0.000000
202.916671	8.916125
203.000005	127.052963
203.083338	168.549515
203.166671	54.196049
203.250005	5.160723
203.333338	0.000000
203.416671	0.000000
203.500005	0.000000
203.583338	0.010707
203.666671	0.007364
203.750005	0.001333
203.833338	0.000000
203.916671	0.000000
204.000005	0.000000
204.083338	0.000000
204.166671	0.000001
204.250005	0.000000
204.333338	0.000000
204.416671	0.000000
204.500005	0.000000
204.583338	0.000000
204.666671	0.000000
204.750005	0.000000
204.833338	0.000000
204.916671	0.000000
205.000005	0.000000
205.083338	0.000000
205.166671	0.000000
205.250005	0.000000
205.333338	0.000000
205.416671	0.000000
205.500005	0.000000
205.583338	0.000000
205.666671	0.000000
205.750005	0.000000
205.833338	0.000000
205.916671	0.000000
206.000005	0.000000
206.083338	0.000000
206.166671	0.000000
206.250005	0.000000
206.333338	0.000000
206.416671	0.000000
206.500005	0.000000
206.583338	0.000000
206.666671	0.000000
206.750005	0.000000
206.833338	0.000000
206.916671	0.000000
207.000005	0.000000
207.083338	0.000000
207.166671	0.000000
207.250005	0.000000
207.333338	0.000000
207.416671	0.000000
207.500005	0.000000
207.583338	0.000000
207.666671	0.000000
207.750005	0.000000
207.833338	0.000000
207.916671	0.000000
208.000005	0.000000
208.083338	0.000000
208.166671	0.000000
208.250005	0.000000
208.333338	0.000000
208.416671	0.000000
208.500005	0.000000
208.583338	17.882128
208.666671	82.394981
208.750005	42.888962
208.833338	7.015769
208.916671	0.000000
209.000005	0.000000
209.083338	0.000000
209.166671	0.000000
209.250005	0.004890
209.333338	0.001302
209.416671	0.000080
209.500005	0.000000
209.583338	0.000000
209.666671	0.000000
209.750005	0.000000
209.833338	0.000000
209.916671	0.000000
210.000005	0.000000
210.083338	0.000000
210.166671	0.000000
210.250005	0.000000
210.333338	0.000000
210.416671	0.000000
210.500005	0.000000
210.583338	0.000000
210.666671	0.000000
210.750005	0.000000
210.833338	0.000000
210.916671	0.000000
211.000005	0.000000
211.083338	0.000000
211.166671	0.000000
211.250005	0.000000
211.333338	0.000000
211.416671	0.000000
211.500005	0.000000
211.583338	0.000000
211.666671	0.000000
211.750005	0.000000
211.833338	0.000000
211.916671	0.000000
212.000005	0.000000
212.083338	0.000000
212.166671	0.000000
212.250005	0.000000
212.333338	0.000000
212.416672	0.000000
212.500005	0.000000
212.583338	0.000000
212.666672	0.000000
212.750005	0.000000
212.833338	0.000000
212.916672	0.000000
213.000005	0.000000
213.083338	0.000000
213.166672	0.000000
213.250005	1.453747
213.333338	90.827019
213.416672	125.673752
213.500005	36.323231
213.583338	20.078779
213.666672	232.852509
213.750005	329.340729
213.833338	421.269257
213.916672	1081.293213
214.000005	1207.389404
214.083338	1320.381836
214.166672	887.243713
214.250005	235.923019
214.333338	15.905794
214.416672	0.000000
214.500005	109.724800
214.583338	340.120087
214.666672	671.503601
214.750005	1122.144409
214.833338	2127.639160
214.916672	3240.469971
215.000005	3777.447021
215.083338	4971.849609
215.166672	4093.922119
215.250005	2295.868652
215.333338	1301.682251
215.416672	498.280823
215.500005	82.473434
215.583338	0.000000
215.666672	0.000000
215.750005	0.000000
215.833338	0.000000
215.916672	27.864851
216.000005	138.298676
216.083338	90.547905
216.166672	17.815950
216.250005	0.000000
216.333338	0.000000
216.416672	0.000000
216.500005	0.000000
216.583338	0.000000
216.666672	115.825478
216.750005	113.229332
216.833338	26.162083
216.916672	0.840506
217.000005	0.000000
217.083338	0.000000
217.166672	0.000000
217.250005	0.010468
217.333338	0.004082
217.416672	0.000504
217.500005	0.000000
217.583338	0.000000
217.666672	0.000000
217.750005	0.000000
217.833338	0.000001
217.916672	0.000000
218.000005	0.000000
218.083338	0.000000
218.166672	0.000000
218.250005	0.000000
218.333338	0.000000
218.416672	0.000000
218.500005	0.000000
218.583338	0.000000
218.666672	0.000000
218.750005	0.000000
218.833338	0.000000
218.916672	0.000000
219.000005	0.000000
219.083338	0.000000
219.166672	0.000000
219.250005	0.000000
219.333338	0.000000
219.416672	0.000000
219.500005	0.000000
219.583338	0.000000
219.666672	0.000000
219.750005	0.000000
219.833338	0.000000
219.916672	0.000000
220.000005	0.000000
220.083338	0.000000
220.166672	0.000000
220.250005	0.000000
220.333338	0.000000
220.416672	0.000000
220.500005	0.000000
220.583338	0.000000
220.666672	0.000000
220.750005	0.000000
220.833338	0.000000
220.916672	0.000000
221.000005	0.000000
221.083338	0.000000
221.166672	0.000000
221.250005	0.000000
221.333338	0.000000
221.416672	0.000000
221.500005	0.000000
221.583338	0.000000
221.666672	0.000000
221.750005	0.000000
221.833338	0.000000
221.916672	0.000000
222.000005	0.000000
222.083338	0.000000
222.166672	0.000000
222.250005	0.000000
222.333338	0.000000
222.416672	0.000000
222.500005	0.000000
222.583338	0.000000
222.666672	0.000000
222.750005	0.000000
222.833338	0.000000
222.916672	0.000000
223.000005	0.000000
223.083338	0.000000
223.166672	0.000000
223.250005	0.000000
223.333338	0.000000
223.416672	0.000000
223.500005	0.000000
223.583339	0.000000
223.666672	0.000000
223.750005	0.000000
223.833339	0.000000
223.916672	0.000000
224.000005	0.000000
224.083339	0.000000
224.166672	0.000000
224.250005	0.000000
224.333339	0.000000
224.416672	0.000000
224.500005	0.000000
224.583339	0.000000
224.666672	0.000000
224.750005	0.000000
224.833339	0.000000
224.916672	0.000000
225.000005	0.000000
225.083339	0.000000
225.166672	0.000000
225.250005	0.000000
225.333339	0.000000
225.416672	0.000000
225.500005	0.000000
225.583339	0.000000
225.666672	0.000000
225.750005	0.000000
225.833339	0.000000
225.916672	0.000000
226.000005	0.000000
226.083339	0.000000
226.166672	0.000000
226.250005	0.000000
226.333339	0.000000
226.416672	0.000000
226.500005	0.000000
226.583339	0.000000
226.666672	0.000000
226.750005	0.000000
226.833339	0.000000
226.916672	0.000000
227.000005	0.000000
227.083339	0.000000
227.166672	0.000000
227.250005	0.000000
227.333339	0.000000
227.416672	0.000000
227.500005	0.000000
227.583339	0.000000
227.666672	59.781700
227.750005	223.692734
227.833339	272.032593
227.916672	524.425598
228.000005	1088.682495
228.083339	782.818665
228.166672	335.121674
228.250005	130.110016
228.333339	25.344414
228.416672	30.318035
228.500005	252.767502
228.583339	426.935944
228.666672	459.424194
228.750005	454.781189
228.833339	584.294434
228.916672	845.071777
229.000005	1933.224487
229.083339	2875.775146
229.166672	2985.188721
229.250005	1735.791138
229.333339	1255.927124
229.416672	729.532410
229.500005	168.480560
229.583339	5.320941
229.666672	0.000000
229.750005	0.000000
229.833339	0.000000
229.916672	64.294327
230.000005	156.833801
230.083339	61.297791
230.166672	7.514171
230.250005	0.000000
230.333339	0.000000
230.416672	0.000000
230.500005	0.006726
230.583339	0.007792
230.666672	0.001649
230.750005	0.000019
230.833339	0.000000
230.916672	0.000000
231.000005	0.000000
231.083339	0.000001
231.166672	0.000000
231.250005	0.000000
231.333339	0.000000
231.416672	0.000000
231.500005	0.000000
231.583339	0.000000
231.666672	0.000000
231.750005	0.000000
231.833339	0.000000
231.916672	0.000000
232.000005	0.000000
232.083339	0.000000
232.166672	0.000000
232.250005	0.000000
232.333339	0.000000
232.416672	0.000000
232.500005	0.000000
232.583339	0.000000
232.666672	0.000000
232.750005	0.000000
232.833339	0.000000
232.916672	0.000000
233.000005	0.000000
233.083339	0.000000
233.166672	0.000000
233.250005	0.000000
233.333339	0.000000
233.416672	0.000000
233.500005	0.000000
233.583339	0.000000
233.666672	0.000000
233.750005	0.000000
233.833339	0.000000
233.916672	0.000000
234.000005	0.000000
234.083339	0.000000
234.166672	0.000000
234.250005	0.000000
234.333339	0.000000
234.416672	0.000000
234.500005	0.000000
234.583339	0.000000
234.666672	0.000000
234.750006	0.000000
234.833339	0.000000
234.916672	0.000000
235.000006	0.000000
235.083339	0.000000
235.166672	0.000000
235.250006	0.000000
235.333339	0.000000
235.416672	0.000000
235.500006	0.000000
235.583339	0.000000
235.666672	0.000000
235.750006	0.000000
235.833339	0.000000
235.916672	0.000000
236.000006	0.000000
236.083339	0.000000
236.166672	0.000000
236.250006	0.000000
236.333339	0.000000
236.416672	0.000000
236.500006	0.000000
236.583339	0.000000
236.666672	0.000000
236.750006	0.000000
236.833339	0.000000
236.916672	0.000000
237.000006	0.000000
237.083339	0.000000
237.166672	0.000000
237.250006	0.000000
237.333339	0.000000
237.416672	0.000000
237.500006	0.000000
237.583339	0.000000
237.666672	0.000000
237.750006	0.000000
237.833339	0.000000
237.916672	0.000000
238.000006	0.000000
238.083339	0.000000
238.166672	0.000000
238.250006	0.000000
238.333339	0.000000
238.416672	0.000000
238.500006	0.000000
238.583339	0.000000
238.666672	0.000000
238.750006	0.000000
238.833339	0.000000
238.916672	0.000000
239.000006	0.000000
239.083339	0.000000
239.166672	0.000000
239.250006	0.000000
239.333339	0.000000
239.416672	0.000000
239.500006	0.000000
239.583339	0.000000
239.666672	0.000000
239.750006	0.000000
239.833339	0.000000
239.916672	0.000000
240.000006	0.000000
240.083339	0.000000
240.166672	0.000000
240.250006	0.000000
240.333339	0.000000
240.416672	0.000000
240.500006	0.000000
240.583339	0.000000
240.666672	0.000000
240.750006	0.000000
240.833339	0.000000
240.916672	0.000000
241.000006	0.000000
241.083339	0.000000
241.166672	0.000000
241.250006	0.000000
241.333339	0.000000
241.416672	0.000000
241.500006	0.000000
241.583339	0.000000
241.666672	0.000000
241.750006	0.000000
241.833339	0.000000
241.916672	0.000000
242.000006	0.000000
242.083339	0.000000
242.166672	0.000000
242.250006	0.000000
242.333339	0.000000
242.416672	0.000000
242.500006	0.000000
242.583339	0.000000
242.666672	0.000000
242.750006	6.246426
242.833339	108.522110
242.916672	296.373444
243.000006	167.441223
243.083339	27.928122
243.166672	0.000000
243.250006	0.000000
243.333339	0.000000
243.416672	0.000000
243.500006	0.018920
243.583339	0.005129
243.666672	0.000335
243.750006	0.000000
243.833339	0.000000
243.916672	0.000000
244.000006	0.000002
244.083339	0.000001
244.166672	0.000000
244.250006	0.000000
244.333339	0.000000
244.416672	0.000000
244.500006	0.000000
244.583339	0.000000
244.666672	0.000000
244.750006	0.000000
244.833339	0.000000
244.916672	0.000000
245.000006	0.000000
245.083339	0.000000
245.166672	0.000000
245.250006	0.000000
245.333339	0.000000
245.416672	0.000000
245.500006	0.000000
245.583339	0.000000
245.666672	0.000000
245.750006	0.000000
245.833339	0.000000
245.916673	42.326714
246.000006	92.146606
246.083339	32.106392
246.166673	6.886131
246.250006	95.147789
246.333339	84.139320
246.416673	18.990238
246.500006	0.509078
246.583339	0.000000
246.666673	0.000000
246.750006	0.000000
246.833339	0.007923
246.916673	0.002995
247.000006	0.000357
247.083339	0.000000
247.166673	0.000000
247.250006	0.000000
247.333339	0.000000
247.416673	0.000000
247.500006	0.000000
247.583339	0.000000
247.666673	0.000000
247.750006	0.000000
247.833339	0.000000
247.916673	0.000000
248.000006	0.000000
248.083339	0.000000
248.166673	0.000000
248.250006	0.000000
248.333339	0.000000
248.416673	0.000000
248.500006	0.000000
248.583339	0.000000
248.666673	0.000000
248.750006	0.000000
248.833339	0.000000
248.916673	0.000000
249.000006	0.000000
249.083339	0.000000
249.166673	0.000000
249.250006	0.000000
249.333339	0.000000
249.416673	0.000000
249.500006	0.000000
249.583339	0.000000
249.666673	0.000000
249.750006	0.000000
249.833339	0.000000
249.916673	0.000000
250.000006	0.000000
250.083339	0.000000
250.166673	0.000000
250.250006	0.000000
250.333339	0.000000
250.416673	0.000000
250.500006	0.000000
250.583339	0.000000
250.666673	0.000000
250.750006	0.000000
250.833339	0.000000
250.916673	0.000000
251.000006	0.000000
251.083339	0.000000
251.166673	0.000000
251.250006	0.000000
251.333339	0.000000
251.416673	0.000000
251.500006	0.000000
251.583339	0.000000
251.666673	0.000000
251.750006	0.000000
251.833339	0.000000
251.916673	0.000000
252.000006	0.000000
252.083339	0.000000
252.166673	0.000000
252.250006	0.000000
252.333339	0.000000
252.416673	0.000000
252.500006	0.000000
252.583339	0.000000
252.666673	0.000000
252.750006	0.000000
252.833339	0.000000
252.916673	0.000000
253.000006	0.000000
253.083339	0.000000
253.166673	0.000000
253.250006	0.000000
253.333339	0.000000
253.416673	0.000000
253.500006	0.000000
253.583339	0.000000
253.666673	0.000000
253.750006	0.000000
253.833339	0.000000
253.916673	0.000000
254.000006	0.000000
254.083339	0.000000
254.166673	0.000000
254.250006	0.000000
254.333339	0.000000
254.416673	0.000000
254.500006	0.000000
254.583339	0.000000
254.666673	0.000000
254.750006	0.000000
254.833339	0.000000
254.916673	0.000000
255.000006	0.000000
255.083339	0.000000
255.166673	0.000000
255.250006	0.000000
255.333339	0.000000
255.416673	0.000000
255.500006	0.000000
255.583339	0.000000
255.666673	0.000000
255.750006	0.000000
255.833339	0.000000
255.916673	0.000000
256.000006	0.000000
256.083339	0.000000
256.166673	0.000000
256.250006	0.000000
256.333339	0.000000
256.416673	0.000000
256.500006	0.000000
256.583339	0.000000
256.666673	0.000000
256.750006	0.000000
256.833339	0.000000
256.916673	0.000000
257.000006	0.000000
257.083340	0.000000
257.166673	0.000000
257.250006	0.000000
257.333340	0.000000
257.416673	0.000000
257.500006	0.000000
257.583340	42.387722
257.666673	127.831520
257.750006	59.983479
257.833340	9.091874
257.916673	0.000000
258.000006	0.000000
258.083340	0.000000
258.166673	0.001000
258.250006	0.007070
258.333340	0.001760
258.416673	0.000085
258.500006	0.000000
258.583340	0.000000
258.666673	0.000000
258.750006	0.000001
258.833340	0.000000
258.916673	0.000000
259.000006	0.000000
259.083340	0.000000
259.166673	0.000000
259.250006	0.000000
259.333340	0.000000
259.416673	0.000000
259.500006	0.000000
259.583340	0.000000
259.666673	0.000000
259.750006	0.000000
259.833340	0.000000
259.916673	0.000000
260.000006	0.000000
260.083340	0.000000
260.166673	0.000000
260.250006	0.000000
260.333340	0.000000
260.416673	0.000000
260.500006	0.000000
260.583340	0.000000
260.666673	0.000000
260.750006	0.000000
260.833340	0.000000
260.916673	0.000000
261.000006	0.000000
261.083340	0.000000
261.166673	0.000000
261.250006	0.000000
261.333340	0.000000
261.416673	0.000000
261.500006	0.000000
261.583340	0.000000
261.666673	0.000000
261.750006	0.000000
261.833340	0.000000
261.916673	0.000000
262.000006	0.000000
262.083340	0.000000
262.166673	0.000000
262.250006	0.000000
262.333340	0.000000
262.416673	0.000000
262.500006	0.000000
262.583340	0.000000
262.666673	0.000000
262.750006	0.000000
262.833340	0.000000
262.916673	0.000000
263.000006	0.000000
263.083340	0.000000
263.166673	0.000000
263.250006	0.000000
263.333340	0.000000
263.416673	0.000000
263.500006	0.000000
263.583340	0.000000
263.666673	0.000000
263.750006	0.000000
263.833340	0.000000
263.916673	0.000000
264.000006	0.000000
264.083340	0.000000
264.166673	0.000000
264.250006	0.000000
264.333340	0.000000
264.416673	0.000000
264.500006	0.000000
264.583340	0.000000
264.666673	0.000000
264.750006	0.000000
264.833340	0.000000
264.916673	0.000000
265.000006	0.000000
265.083340	0.000000
265.166673	0.000000
265.250006	0.000000
265.333340	0.000000
265.416673	0.000000
265.500006	0.000000
265.583340	0.000000
265.666673	0.000000
265.750006	0.000000
265.833340	0.000000
265.916673	0.000000
266.000006	0.000000
266.083340	0.000000
266.166673	0.000000
266.250006	0.000000
266.333340	0.000000
266.416673	0.000000
266.500006	0.000000
266.583340	0.000000
266.666673	0.000000
266.750006	0.000000
266.833340	18.328445
266.916673	101.854584
267.000006	56.175716
267.083340	9.470497
267.166673	0.000000
267.250006	54.651981
267.333340	96.996017
267.416673	30.882683
267.500006	2.891395
267.583340	0.000000
267.666673	0.000000
267.750006	0.000000
267.833340	0.006260
267.916673	0.004212
268.000006	0.000755
268.083340	0.000000
268.166673	0.000000
268.250007	0.000000
268.333340	0.000000
268.416673	0.000000
268.500007	0.000000
268.583340	0.000000
268.666673	0.000000
268.750007	0.000000
268.833340	0.000000
268.916673	18.214888
269.000007	177.043732
269.083340	173.301239
269.166673	43.058620
269.250007	2.059606
269.333340	0.000000
269.416673	0.000000
269.500007	0.000000
269.583340	0.015058
269.666673	0.006502
269.750007	0.000887
269.833340	0.000000
269.916673	0.000000
270.000007	0.000000
270.083340	0.000000
270.166673	0.000001
270.250007	0.000000
270.333340	0.000000
270.416673	0.000000
270.500007	0.000000
270.583340	0.000000
270.666673	50.369434
270.750007	145.021591
270.833340	56.997772
270.916673	57.555981
271.000007	73.058693
271.083340	20.984257
271.166673	1.594184
271.250007	0.000000
271.333340	0.000000
271.416673	0.000000
271.500007	0.005443
271.583340	0.002980
271.666673	0.000482
271.750007	0.000000
271.833340	0.000000
271.916673	22.312107
272.000007	267.637512
272.083340	275.497437
272.166673	74.841705
272.250007	4.912406
272.333340	0.000000
272.416673	0.000000
272.500007	0.000000
272.583340	0.021895
272.666673	0.010876
272.750007	0.001654
272.833340	16.313499
272.916673	173.350098
273.000007	159.656342
273.083340	151.719894
273.166673	99.407608
273.250007	15.704351
273.333340	0.000000
273.416673	0.000000
273.500007	0.000000
273.583340	0.000000
273.666673	0.011512
273.750007	0.002971
273.833340	0.000165
273.916673	0.000000
274.000007	0.000000
274.083340	0.000000
274.166673	0.000001
274.250007	0.000000
274.333340	0.000000
274.416673	0.000000
274.500007	0.000000
274.583340	0.000000
274.666673	0.000000
274.750007	0.000000
274.833340	0.000000
274.916673	0.000000
275.000007	0.000000
275.083340	0.000000
275.166673	0.000000
275.250007	0.000000
275.333340	0.000000
275.416673	0.000000
275.500007	0.000000
275.583340	0.000000
275.666673	0.000000
275.750007	0.000000
275.833340	0.000000
275.916673	0.000000
276.000007	0.000000
276.083340	0.000000
276.166673	0.000000
276.250007	0.000000
276.333340	0.000000
276.416673	0.000000
276.500007	0.000000
276.583340	0.000000
276.666673	0.000000
276.750007	0.000000
276.833340	0.000000
276.916673	0.000000
277.000007	0.000000
277.083340	0.000000
277.166673	0.000000
277.250007	0.000000
277.333340	0.000000
277.416673	0.000000
277.500007	0.000000
277.583340	0.000000
277.666673	0.000000
277.750007	0.000000
277.833340	0.000000
277.916673	0.000000
278.000007	0.000000
278.083340	0.000000
278.166673	0.000000
278.250007	0.000000
278.333340	0.000000
278.416673	0.000000
278.500007	0.000000
278.583340	0.000000
278.666673	0.000000
278.750007	0.000000
278.833340	0.000000
278.916673	0.000000
279.000007	5.515746
279.083340	90.368332
279.166673	88.842018
279.250007	18.591915
279.333340	0.163350
279.416674	0.000000
279.500007	0.000000
279.583340	0.000000
279.666674	0.008832
279.750007	0.003040
279.833340	0.000322
279.916674	0.000000
280.000007	0.000000
280.083340	0.000000
280.166674	0.000000
280.250007	0.000000
280.333340	0.000000
280.416674	0.000000
280.500007	0.000000
280.583340	0.000000
280.666674	0.000000
280.750007	0.000000
280.833340	0.000000
280.916674	0.000000
281.000007	0.000000
281.083340	0.000000
281.166674	0.000000
281.250007	0.000000
281.333340	0.000000
281.416674	0.000000
281.500007	0.000000
281.583340	0.000000
281.666674	0.000000
281.750007	0.000000
281.833340	0.000000
281.916674	0.000000
282.000007	0.000000
282.083340	45.034264
282.166674	163.538239
282.250007	121.267708
282.333340	77.157768
282.416674	15.995670
282.500007	0.103137
282.583340	0.000000
282.666674	0.000000
282.750007	0.000000
282.833340	0.000000
282.916674	178.478455
283.000007	293.096405
283.083340	135.058731
283.166674	67.088501
283.250007	133.260773
283.333340	49.677254
283.416674	5.294771
283.500007	0.000000
283.583340	0.000000
283.666674	0.000000
283.750007	0.008003
283.833340	8.270204
283.916674	234.688812
284.000007	642.942200
284.083340	919.852295
284.166674	845.723267
284.250007	326.114014
284.333340	231.778198
284.416674	101.613991
284.500007	15.305597
284.583340	0.000000
284.666674	51.190174
284.750007	189.383026
284.833340	405.689026
284.916674	937.397339
285.000007	821.922424
285.083340	489.586761
285.166674	460.051544
285.250007	234.273270
285.333340	46.346886
285.416674	0.000000
285.500007	0.000000
285.583340	0.000000
285.666674	0.000000
285.750007	0.024147
285.833340	0.007789
285.916674	0.000746
286.000007	0.000000
286.083340	0.000000
286.166674	0.000000
286.250007	0.000002
286.333340	0.000001
286.416674	0.000000
286.500007	0.000000
286.583340	0.000000
286.666674	0.000000
286.750007	0.000000
286.833340	0.000000
286.916674	0.000000
287.000007	0.000000
287.083340	9.088804
287.166674	187.930679
287.250007	160.286819
287.333340	37.251144
287.416674	1.245160
287.500007	0.000000
287.583340	0.000000
287.666674	0.000000
287.750007	0.014750
287.833340	0.005797
287.916674	0.000722
288.000007	0.000000
288.083340	52.957054
288.166674	162.457825
288.250007	67.137993
288.333340	8.706248
288.416674	0.000000
288.500007	0.000000
288.583340	0.000000
288.666674	0.005839
288.750007	0.008383
288.833340	0.001846
288.916674	0.000039
289.000007	0.000000
289.083340	0.000000
289.166674	0.000000
289.250007	0.000001
289.333340	0.000000
289.416674	0.000000
289.500007	0.000000
289.583340	0.000000
289.666674	0.000000
289.750007	0.000000
289.833340	0.000000
289.916674	0.000000
290.000007	0.000000
290.083340	0.000000
290.166674	0.000000
290.250007	0.000000
290.333340	0.000000
290.416674	0.000000
290.500007	0.000000
290.583341	0.000000
290.666674	0.000000
290.750007	0.000000
290.833341	0.000000
290.916674	0.000000
291.000007	0.000000
291.083341	0.000000
291.166674	0.000000
291.250007	0.000000
291.333341	0.000000
291.416674	0.000000
291.500007	0.000000
291.583341	0.000000
291.666674	0.000000
291.750007	0.000000
291.833341	0.000000
291.916674	0.000000
292.000007	0.000000
292.083341	0.000000
292.166674	0.000000
292.250007	0.000000
292.333341	0.000000
292.416674	0.000000
292.500007	0.000000
292.583341	0.000000
292.666674	0.000000
292.750007	0.000000
292.833341	0.000000
292.916674	0.000000
293.000007	0.000000
293.083341	0.000000
293.166674	0.000000
293.250007	0.000000
293.333341	0.000000
293.416674	0.000000
293.500007	0.000000
293.583341	0.000000
293.666674	0.000000
293.750007	0.000000
293.833341	0.000000
293.916674	0.000000
294.000007	0.000000
294.083341	0.000000
294.166674	0.000000
294.250007	0.000000
294.333341	0.000000
294.416674	0.000000
294.500007	0.000000
294.583341	0.000000
294.666674	0.000000
294.750007	0.000000
294.833341	0.000000
294.916674	0.000000
295.000007	0.000000
295.083341	0.000000
295.166674	0.000000
295.250007	0.000000
295.333341	0.000000
295.416674	0.000000
295.500007	0.000000
295.583341	0.000000
295.666674	0.000000
295.750007	0.000000
295.833341	0.000000
295.916674	82.951950
296.000007	190.795013
296.083341	76.961708
296.166674	10.219388
296.250007	0.000000
296.333341	0.000000
296.416674	0.000000
296.500007	0.005926
296.583341	0.009533
296.666674	28.021235
296.750007	211.452957
296.833341	334.224121
296.916674	379.318420
297.000007	328.069427
297.083341	87.414284
297.166674	4.390356
297.250007	0.000000
297.333341	0.000000
297.416674	0.000000
297.500007	0.029899
297.583341	0.013134
297.666674	0.001818
297.750007	0.000000
297.833341	22.380388
297.916674	150.281921
298.000007	751.985291
298.083341	1052.335083
298.166674	939.838928
298.250007	1386.223022
298.333341	1321.584717
298.416674	526.697327
298.500007	208.421143
298.583341	86.106087
298.666674	10.110641
298.750007	190.809036
298.833341	659.655579
298.916674	1019.045959
299.000007	1472.015381
299.083341	1482.178955
299.166674	1413.183472
299.250007	889.858032
299.333341	355.716431
299.416674	54.902035
299.500007	0.000000
299.583341	0.000000
299.666674	0.000000
299.750007	0.002771
299.833341	0.041609
299.916674	0.010522
300.000007	0.000542
300.083341	0.000000
300.166674	0.000000
300.250007	0.000000
300.333341	0.000004
300.416674	0.000002
300.500007	0.000000
300.583341	0.000000
300.666674	0.000000
300.750007	0.000000
300.833341	0.000000
300.916674	0.000000
301.000007	48.861942
301.083341	167.710358
301.166674	170.820679
301.250007	53.371552
301.333341	46.544361
301.416674	88.860550
301.500007	31.977673
301.583341	4.667854
301.666674	84.755127
301.750008	141.013931
301.833341	43.210648
301.916674	3.771082
302.000008	0.000000
302.083341	0.000000
302.166674	0.000000
302.250008	0.009640
302.333341	0.005981
302.416674	0.001034
302.500008	0.000000
302.583341	0.000000
302.666674	0.000000
302.750008	0.000000
302.833341	9.206378
302.916674	99.335495
303.000008	77.936310
303.083341	16.633232
303.166674	0.226222
303.250008	0.000000
303.333341	0.000000
303.416674	0.000000
303.500008	0.007645
303.583341	0.002694
303.666674	0.000294
303.750008	0.000000
303.833341	0.000000
303.916674	0.000000
304.000008	0.000000
304.083341	0.000000
304.166674	0.000000
304.250008	0.000000
304.333341	0.000000
304.416674	0.000000
304.500008	0.000000
304.583341	0.000000
304.666674	0.000000
304.750008	0.000000
304.833341	0.000000
304.916674	0.000000
305.000008	0.000000
305.083341	0.000000
305.166674	0.000000
305.250008	0.000000
305.333341	0.000000
305.416674	0.000000
305.500008	0.000000
305.583341	0.000000
305.666674	0.000000
305.750008	0.000000
305.833341	0.000000
305.916674	0.000000
306.000008	0.000000
306.083341	0.000000
306.166674	0.000000
306.250008	0.000000
306.333341	0.000000
306.416674	0.000000
306.500008	0.000000
306.583341	0.000000
306.666674	0.000000
306.750008	0.000000
306.833341	0.000000
306.916674	0.000000
307.000008	0.000000
307.083341	0.000000
307.166674	0.000000
307.250008	0.000000
307.333341	0.000000
307.416674	0.000000
307.500008	0.000000
307.583341	0.000000
307.666674	0.000000
307.750008	0.000000
307.833341	0.000000
307.916674	0.000000
308.000008	0.000000
308.083341	0.000000
308.166674	0.000000
308.250008	0.000000
308.333341	0.000000
308.416674	0.000000
308.500008	0.000000
308.583341	0.000000
308.666674	0.000000
308.750008	0.000000
308.833341	0.000000
308.916674	0.000000
309.000008	0.000000
309.083341	0.000000
309.166674	0.000000
309.250008	0.000000
309.333341	0.000000
309.416674	0.000000
309.500008	0.000000
309.583341	0.000000
309.666674	0.000000
309.750008	0.000000
309.833341	0.000000
309.916674	0.000000
310.000008	0.000000
310.083341	0.000000
310.166674	0.000000
310.250008	0.000000
310.333341	0.000000
310.416674	0.000000
310.500008	0.000000
310.583341	0.000000
310.666674	0.000000
310.750008	0.000000
310.833341	0.000000
310.916674	0.000000
311.000008	0.000000
311.083341	0.000000
311.166674	0.000000
311.250008	0.000000
311.333341	0.000000
311.416674	0.000000
311.500008	0.000000
311.583341	0.000000
311.666674	0.000000
311.750008	0.000000
311.833341	0.000000
311.916674	0.000000
312.000008	0.000000
312.083341	0.000000
312.166674	0.000000
312.250008	0.000000
312.333341	0.000000
312.416674	0.000000
312.500008	0.000000
312.583341	0.000000
312.666674	0.000000
312.750008	0.000000
312.833341	0.000000
312.916675	0.000000
313.000008	0.000000
313.083341	0.000000
313.166675	0.000000
313.250008	0.000000
313.333341	0.000000
313.416675	0.000000
313.500008	0.000000
313.583341	0.000000
313.666675	0.000000
313.750008	0.000000
313.833341	36.074501
313.916675	201.708725
314.000008	121.719597
314.083341	22.116741
314.166675	0.000000
314.250008	0.000000
314.333341	0.000000
314.416675	0.000000
314.500008	0.013173
314.583341	0.003881
314.666675	1.018715
314.750008	94.469452
314.833341	252.991455
314.916675	290.944366
315.000008	301.297272
315.083341	316.148651
315.166675	358.313568
315.250008	276.616272
315.333341	109.492737
315.416675	96.168533
315.500008	90.356232
315.583341	21.403065
315.666675	4.327942
315.750008	108.264984
315.833341	392.372314
315.916675	285.309326
316.000008	62.528709
316.083341	2.260269
316.166675	56.366875
316.250008	179.919128
316.333341	206.439758
316.416675	139.732086
316.500008	273.808594
316.583341	360.460846
316.666675	158.481461
316.750008	19.027197
316.833341	14.766517
316.916675	181.011063
317.000008	201.812439
317.083341	59.380402
317.166675	4.766249
317.250008	0.000000
317.333341	0.000000
317.416675	0.000000
317.500008	0.014584
317.583341	0.008352
317.666675	0.001385
317.750008	0.000000
317.833341	0.000000
317.916675	0.000000
318.000008	0.000000
318.083341	0.000001
318.166675	0.000000
318.250008	0.000000
318.333341	0.000000
318.416675	0.000000
318.500008	0.000000
318.583341	0.000000
318.666675	0.000000
318.750008	0.000000
318.833341	0.000000
318.916675	0.000000
319.000008	0.000000
319.083341	0.000000
319.166675	0.000000
319.250008	0.000000
319.333341	0.000000
319.416675	0.000000
319.500008	0.000000
319.583341	0.000000
319.666675	0.000000
319.750008	0.000000
319.833341	0.000000
319.916675	0.000000
320.000008	0.000000
320.083341	0.000000
320.166675	0.000000
320.250008	0.000000
320.333341	0.000000
320.416675	0.000000
320.500008	0.000000
320.583341	0.000000
320.666675	0.000000
320.750008	0.000000
320.833341	0.000000
320.916675	0.000000
321.000008	0.000000
321.083341	0.000000
321.166675	0.000000
321.250008	0.000000
321.333341	0.000000
321.416675	0.000000
321.500008	0.000000
321.583341	0.000000
321.666675	0.000000
321.750008	0.000000
321.833341	0.000000
321.916675	0.000000
322.000008	0.000000
322.083341	0.000000
322.166675	0.000000
322.250008	0.000000
322.333341	0.000000
322.416675	0.000000
322.500008	0.000000
322.583341	0.000000
322.666675	0.000000
322.750008	0.000000
322.833341	0.000000
322.916675	0.000000
323.000008	0.000000
323.083341	0.000000
323.166675	0.000000
323.250008	0.000000
323.333341	0.000000
323.416675	0.000000
323.500008	0.000000
323.583341	0.000000
323.666675	0.000000
323.750008	0.000000
323.833341	0.000000
323.916675	0.000000
324.000008	0.000000
324.083342	0.000000
324.166675	0.000000
324.250008	0.000000
324.333342	0.000000
324.416675	0.000000
324.500008	0.000000
324.583342	0.000000
324.666675	0.000000
324.750008	0.000000
324.833342	0.000000
324.916675	0.000000
325.000008	0.000000
