SPECTRUM - MS
3mix_1top_datadependent_4s_P_V.raw
ITMS + p APCI corona d Full ms2 95.97@cid0.00 [50.00-205.00]
Scan #: 2348
RT: 7.46
Data points: 1860
Mass	Intensity
50.083333	0.000000
50.166667	0.000000
50.250000	0.000001
50.333333	0.000000
50.416667	0.000000
50.500000	0.000000
50.583333	0.000000
50.666667	0.000000
50.750000	0.000000
50.833333	0.000000
50.916667	0.000000
51.000000	0.000000
51.083333	0.000000
51.166667	0.000000
51.250000	0.000000
51.333333	0.000000
51.416667	0.000000
51.500000	0.000000
51.583333	0.000000
51.666667	0.000000
51.750000	0.000000
51.833333	0.000000
51.916667	0.000000
52.000000	0.000000
52.083333	0.000000
52.166667	0.000000
52.250000	0.000000
52.333333	0.000000
52.416667	0.000000
52.500000	0.000000
52.583333	0.000000
52.666667	0.000000
52.750000	0.000000
52.833333	0.000000
52.916667	0.000000
53.000000	0.000000
53.083333	0.000000
53.166667	0.000000
53.250000	0.000000
53.333333	0.000000
53.416667	0.000000
53.500000	0.000000
53.583333	0.000000
53.666667	0.000000
53.750000	0.000000
53.833333	0.000000
53.916667	0.000000
54.000000	0.000000
54.083333	0.000000
54.166667	0.000000
54.250000	0.000000
54.333333	0.000000
54.416667	0.000000
54.500000	0.000000
54.583333	0.000000
54.666667	0.000000
54.750000	0.000000
54.833333	0.000000
54.916667	0.000000
55.000000	0.000000
55.083333	0.000000
55.166667	0.000000
55.250000	0.000000
55.333333	0.000000
55.416667	0.000000
55.500000	0.000000
55.583333	0.000000
55.666667	0.000000
55.750000	0.000000
55.833334	0.000000
55.916667	0.000000
56.000000	0.000000
56.083334	0.000000
56.166667	0.000000
56.250000	0.000000
56.333334	0.000000
56.416667	0.000000
56.500000	0.000000
56.583334	0.000000
56.666667	0.000000
56.750000	0.000000
56.833334	0.000000
56.916667	0.000000
57.000000	0.000000
57.083334	0.000000
57.166667	0.000000
57.250000	0.000000
57.333334	0.000000
57.416667	0.000000
57.500000	0.000000
57.583334	0.000000
57.666667	0.000000
57.750000	204.568268
57.833334	375.028870
57.916667	115.078026
58.000000	9.419385
58.083334	0.000000
58.166667	0.000000
58.250000	0.000000
58.333334	0.027673
58.416667	0.016127
58.500000	0.002700
58.583334	0.000000
58.666667	0.000000
58.750000	0.000000
58.833334	0.000000
58.916667	0.000002
59.000000	0.000000
59.083334	0.000000
59.166667	0.000000
59.250000	0.000000
59.333334	0.000000
59.416667	0.000000
59.500000	0.000000
59.583334	0.000000
59.666667	0.000000
59.750000	0.000000
59.833334	0.000000
59.916667	76.553612
60.000000	208.446930
60.083334	92.990585
60.166667	13.661675
60.250000	26.823055
60.333334	97.090775
60.416667	40.495831
60.500000	5.333874
60.583334	0.000000
60.666667	0.000000
60.750000	0.000000
60.833334	0.003256
60.916667	0.005030
61.000000	0.001121
61.083334	0.000027
61.166667	0.000000
61.250000	0.000000
61.333334	0.000000
61.416667	0.000000
61.500000	0.000000
61.583334	0.000000
61.666667	0.000000
61.750000	0.000000
61.833334	0.000000
61.916667	0.000000
62.000000	0.000000
62.083334	0.000000
62.166667	0.000000
62.250000	0.000000
62.333334	0.000000
62.416667	0.000000
62.500000	0.000000
62.583334	0.000000
62.666667	0.000000
62.750000	0.000000
62.833334	0.000000
62.916667	0.000000
63.000000	0.000000
63.083334	0.000000
63.166667	0.000000
63.250000	0.000000
63.333334	0.000000
63.416667	5.377989
63.500000	110.585030
63.583334	113.661865
63.666667	28.663540
63.750000	1.459382
63.833334	0.000000
63.916667	0.000000
64.000000	0.000000
64.083334	0.009740
64.166667	0.004300
64.250000	0.000598
64.333334	0.000000
64.416667	0.000000
64.500000	0.000000
64.583334	0.000000
64.666667	0.000001
64.750000	0.000000
64.833334	0.000000
64.916667	0.000000
65.000000	0.000000
65.083334	0.000000
65.166667	0.000000
65.250000	0.000000
65.333334	0.000000
65.416667	0.000000
65.500000	0.000000
65.583334	0.000000
65.666667	0.000000
65.750000	0.000000
65.833334	0.000000
65.916667	0.000000
66.000000	0.000000
66.083334	0.000000
66.166667	0.000000
66.250000	0.000000
66.333334	0.000000
66.416667	0.000000
66.500000	0.000000
66.583334	0.000000
66.666667	0.000000
66.750000	0.000000
66.833334	0.000000
66.916667	0.000000
67.000001	0.000000
67.083334	0.000000
67.166667	0.000000
67.250001	0.000000
67.333334	0.000000
67.416667	0.000000
67.500001	0.000000
67.583334	0.000000
67.666667	0.000000
67.750001	0.000000
67.833334	0.000000
67.916667	0.000000
68.000001	0.000000
68.083334	0.000000
68.166667	0.000000
68.250001	0.000000
68.333334	0.000000
68.416667	0.000000
68.500001	0.000000
68.583334	0.000000
68.666667	0.000000
68.750001	0.000000
68.833334	0.000000
68.916667	0.000000
69.000001	0.000000
69.083334	0.000000
69.166667	0.000000
69.250001	0.000000
69.333334	0.000000
69.416667	0.000000
69.500001	0.000000
69.583334	0.000000
69.666667	0.000000
69.750001	0.000000
69.833334	0.000000
69.916667	0.000000
70.000001	0.000000
70.083334	0.000000
70.166667	0.000000
70.250001	0.000000
70.333334	0.000000
70.416667	0.000000
70.500001	0.000000
70.583334	0.000000
70.666667	0.000000
70.750001	0.000000
70.833334	0.000000
70.916667	0.000000
71.000001	0.000000
71.083334	0.000000
71.166667	0.000000
71.250001	0.000000
71.333334	0.000000
71.416667	0.000000
71.500001	0.000000
71.583334	0.000000
71.666667	0.000000
71.750001	0.000000
71.833334	0.000000
71.916667	0.000000
72.000001	0.000000
72.083334	0.000000
72.166667	0.000000
72.250001	0.000000
72.333334	0.000000
72.416667	0.000000
72.500001	0.000000
72.583334	0.000000
72.666667	0.000000
72.750001	0.000000
72.833334	0.000000
72.916667	0.000000
73.000001	0.000000
73.083334	0.000000
73.166667	0.000000
73.250001	0.000000
73.333334	0.000000
73.416667	0.000000
73.500001	0.000000
73.583334	0.000000
73.666667	0.000000
73.750001	0.000000
73.833334	0.000000
73.916667	0.000000
74.000001	0.000000
74.083334	0.000000
74.166667	0.000000
74.250001	0.000000
74.333334	0.000000
74.416667	0.000000
74.500001	0.000000
74.583334	0.000000
74.666667	0.000000
74.750001	0.000000
74.833334	0.000000
74.916667	0.000000
75.000001	0.000000
75.083334	0.000000
75.166667	0.000000
75.250001	0.000000
75.333334	0.000000
75.416667	0.000000
75.500001	0.000000
75.583334	0.000000
75.666667	0.000000
75.750001	0.000000
75.833334	0.000000
75.916667	0.000000
76.000001	0.000000
76.083334	0.000000
76.166667	0.000000
76.250001	0.000000
76.333334	0.000000
76.416667	0.000000
76.500001	0.000000
76.583334	0.000000
76.666667	0.000000
76.750001	0.000000
76.833334	0.000000
76.916667	0.000000
77.000001	0.000000
77.083334	0.000000
77.166667	0.000000
77.250001	0.000000
77.333334	0.000000
77.416667	0.000000
77.500001	0.000000
77.583334	0.000000
77.666667	0.000000
77.750001	0.000000
77.833334	0.000000
77.916667	0.000000
78.000001	0.000000
78.083334	0.000000
78.166668	0.000000
78.250001	0.000000
78.333334	0.000000
78.416668	0.000000
78.500001	0.000000
78.583334	0.000000
78.666668	0.000000
78.750001	0.000000
78.833334	0.000000
78.916668	0.000000
79.000001	0.000000
79.083334	0.000000
79.166668	0.000000
79.250001	0.000000
79.333334	0.000000
79.416668	0.000000
79.500001	0.000000
79.583334	0.000000
79.666668	0.000000
79.750001	0.000000
79.833334	0.000000
79.916668	0.000000
80.000001	0.000000
80.083334	0.000000
80.166668	0.000000
80.250001	0.000000
80.333334	0.000000
80.416668	0.000000
80.500001	0.000000
80.583334	0.000000
80.666668	0.000000
80.750001	0.000000
80.833334	0.000000
80.916668	0.000000
81.000001	0.000000
81.083334	0.000000
81.166668	0.000000
81.250001	0.000000
81.333334	0.000000
81.416668	0.000000
81.500001	0.000000
81.583334	0.000000
81.666668	0.000000
81.750001	0.000000
81.833334	0.000000
81.916668	0.000000
82.000001	0.000000
82.083334	0.000000
82.166668	0.000000
82.250001	0.000000
82.333334	0.000000
82.416668	0.000000
82.500001	0.000000
82.583334	0.000000
82.666668	0.000000
82.750001	0.000000
82.833334	0.000000
82.916668	0.000000
83.000001	0.000000
83.083334	0.000000
83.166668	0.000000
83.250001	0.000000
83.333334	0.000000
83.416668	0.000000
83.500001	0.000000
83.583334	0.000000
83.666668	0.000000
83.750001	0.000000
83.833334	0.000000
83.916668	0.000000
84.000001	0.000000
84.083334	0.000000
84.166668	0.000000
84.250001	0.000000
84.333334	0.000000
84.416668	0.000000
84.500001	0.000000
84.583334	0.000000
84.666668	0.000000
84.750001	0.000000
84.833334	0.000000
84.916668	0.000000
85.000001	0.000000
85.083334	0.000000
85.166668	0.000000
85.250001	0.000000
85.333334	0.000000
85.416668	0.000000
85.500001	0.000000
85.583334	0.000000
85.666668	0.000000
85.750001	0.000000
85.833334	0.000000
85.916668	0.000000
86.000001	0.000000
86.083334	0.000000
86.166668	0.000000
86.250001	0.000000
86.333334	0.000000
86.416668	0.000000
86.500001	0.000000
86.583334	0.000000
86.666668	0.000000
86.750001	0.000000
86.833334	0.000000
86.916668	0.000000
87.000001	0.000000
87.083334	0.000000
87.166668	0.000000
87.250001	0.000000
87.333334	0.000000
87.416668	0.000000
87.500001	0.000000
87.583334	0.000000
87.666668	0.000000
87.750001	0.000000
87.833334	0.000000
87.916668	0.000000
88.000001	0.000000
88.083334	0.000000
88.166668	0.000000
88.250001	0.000000
88.333334	0.000000
88.416668	0.000000
88.500001	0.000000
88.583334	0.000000
88.666668	0.000000
88.750001	0.000000
88.833334	0.000000
88.916668	2.474924
89.000001	121.247169
89.083334	227.828461
89.166668	75.839073
89.250001	7.259924
89.333335	0.000000
89.416668	0.000000
89.500001	0.000000
89.583335	0.014859
89.666668	0.010292
89.750001	0.001868
89.833335	0.000000
89.916668	0.000000
90.000001	0.000000
90.083335	0.000000
90.166668	0.000001
90.250001	0.000000
90.333335	0.000000
90.416668	0.000000
90.500001	0.000000
90.583335	0.000000
90.666668	0.000000
90.750001	0.000000
90.833335	0.000000
90.916668	0.000000
91.000001	0.000000
91.083335	0.000000
91.166668	0.000000
91.250001	0.000000
91.333335	0.000000
91.416668	0.000000
91.500001	0.000000
91.583335	0.000000
91.666668	0.000000
91.750001	0.000000
91.833335	0.000000
91.916668	0.000000
92.000001	0.000000
92.083335	0.000000
92.166668	0.000000
92.250001	0.000000
92.333335	0.000000
92.416668	0.000000
92.500001	0.000000
92.583335	0.000000
92.666668	0.000000
92.750001	0.000000
92.833335	0.000000
92.916668	0.000000
93.000001	0.000000
93.083335	0.000000
93.166668	0.000000
93.250001	0.000000
93.333335	0.000000
93.416668	0.000000
93.500001	0.000000
93.583335	0.000000
93.666668	0.000000
93.750001	0.000000
93.833335	0.000000
93.916668	0.000000
94.000001	0.000000
94.083335	0.000000
94.166668	0.000000
94.250001	0.000000
94.333335	0.000000
94.416668	0.000000
94.500001	0.000000
94.583335	7.299190
94.666668	296.617218
94.750001	263.336914
94.833335	206.674271
94.916668	413.499603
95.000001	679.259399
95.083335	808.076538
95.166668	1020.153809
95.250001	2215.535400
95.333335	4794.922363
95.416668	7281.905762
95.500001	13938.800781
95.583335	21401.699219
95.666668	36289.390625
95.750001	64550.367188
95.833335	139272.828125
95.916668	240553.734375
96.000001	392242.125000
96.083335	463451.156250
96.166668	376356.437500
96.250001	225858.203125
96.333335	83339.859375
96.416668	22978.937500
96.500001	5362.528809
96.583335	1492.221069
96.666668	868.695190
96.750001	686.842957
96.833335	290.406067
96.916668	46.556023
97.000001	0.000000
97.083335	0.000000
97.166668	0.000000
97.250001	0.000000
97.333335	0.033414
97.416668	0.008736
97.500001	0.000509
97.583335	0.000000
97.666668	0.000000
97.750001	0.000000
97.833335	0.000003
97.916668	0.000001
98.000001	0.000000
98.083335	0.000000
98.166668	0.000000
98.250001	0.000000
98.333335	0.000000
98.416668	0.000000
98.500001	0.000000
98.583335	0.000000
98.666668	0.000000
98.750001	0.000000
98.833335	0.000000
98.916668	4.973259
99.000001	144.963074
99.083335	170.332947
99.166668	46.236023
99.250001	3.027972
99.333335	0.000000
99.416668	0.000000
99.500001	0.000000
99.583335	0.013548
99.666668	0.006721
99.750001	0.001021
99.833335	0.000000
99.916668	0.000000
100.000001	0.000000
100.083335	0.000000
100.166668	0.000001
100.250001	0.000000
100.333335	0.000000
100.416668	0.000000
100.500002	0.000000
100.583335	0.000000
100.666668	0.000000
100.750002	2.409133
100.833335	93.892128
100.916668	110.422546
101.000002	29.364580
101.083335	1.806835
101.166668	0.000000
101.250002	0.000000
101.333335	0.000000
101.416668	0.008977
101.500002	7.487014
101.583335	96.482964
101.666668	75.942757
101.750002	14.212994
101.833335	0.000000
101.916668	0.000000
102.000002	0.000000
102.083335	56.878963
102.166668	194.129547
102.250002	342.705139
102.333335	131.971786
102.416668	16.055313
102.500002	0.000000
102.583335	0.000000
102.666668	0.000000
102.750002	0.014872
102.833335	0.016815
102.916668	0.003540
103.000002	9.986986
103.083335	123.018532
103.166668	117.768158
103.250002	29.401239
103.333335	1.435712
103.416668	0.000000
103.500002	0.000000
103.583335	0.000000
103.666668	0.010187
103.750002	0.004431
103.833335	0.000608
103.916668	0.000000
104.000002	0.000000
104.083335	0.000000
104.166668	0.000000
104.250002	0.000001
104.333335	0.000000
104.416668	0.000000
104.500002	0.000000
104.583335	0.000000
104.666668	0.000000
104.750002	0.000000
104.833335	0.000000
104.916668	0.000000
105.000002	0.000000
105.083335	0.000000
105.166668	0.000000
105.250002	0.000000
105.333335	0.000000
105.416668	0.000000
105.500002	0.000000
105.583335	0.000000
105.666668	0.000000
105.750002	0.000000
105.833335	0.000000
105.916668	0.000000
106.000002	0.000000
106.083335	0.000000
106.166668	0.000000
106.250002	0.000000
106.333335	0.000000
106.416668	0.000000
106.500002	0.000000
106.583335	0.000000
106.666668	0.000000
106.750002	0.000000
106.833335	0.000000
106.916668	0.000000
107.000002	0.000000
107.083335	0.000000
107.166668	0.000000
107.250002	0.000000
107.333335	0.000000
107.416668	0.000000
107.500002	0.000000
107.583335	0.000000
107.666668	0.000000
107.750002	0.000000
107.833335	0.000000
107.916668	0.000000
108.000002	0.000000
108.083335	0.000000
108.166668	0.000000
108.250002	0.000000
108.333335	0.000000
108.416668	0.000000
108.500002	0.000000
108.583335	0.000000
108.666668	0.000000
108.750002	0.000000
108.833335	0.000000
108.916668	0.000000
109.000002	0.000000
109.083335	0.000000
109.166668	0.000000
109.250002	0.000000
109.333335	0.000000
109.416668	0.000000
109.500002	0.000000
109.583335	0.000000
109.666668	0.000000
109.750002	0.000000
109.833335	0.000000
109.916668	0.000000
110.000002	0.000000
110.083335	0.000000
110.166668	0.000000
110.250002	0.000000
110.333335	0.000000
110.416668	0.000000
110.500002	0.000000
110.583335	0.000000
110.666668	0.000000
110.750002	0.000000
110.833335	0.000000
110.916668	0.000000
111.000002	0.000000
111.083335	0.000000
111.166668	0.000000
111.250002	0.000000
111.333335	0.000000
111.416668	0.000000
111.500002	0.000000
111.583335	0.000000
111.666669	0.000000
111.750002	0.000000
111.833335	0.000000
111.916669	0.000000
112.000002	0.000000
112.083335	0.000000
112.166669	0.000000
112.250002	0.000000
112.333335	0.000000
112.416669	0.000000
112.500002	0.000000
112.583335	0.000000
112.666669	0.000000
112.750002	0.000000
112.833335	0.000000
112.916669	0.000000
113.000002	0.000000
113.083335	0.000000
113.166669	0.000000
113.250002	0.000000
113.333335	0.000000
113.416669	0.000000
113.500002	0.000000
113.583335	0.000000
113.666669	0.000000
113.750002	0.000000
113.833335	0.000000
113.916669	0.000000
114.000002	0.000000
114.083335	86.625839
114.166669	181.503601
114.250002	57.118271
114.333335	4.825708
114.416669	0.000000
114.500002	0.000000
114.583335	0.000000
114.666669	0.013253
114.750002	25.373449
114.833335	240.388763
114.916669	561.685425
115.000002	539.064026
115.083335	389.191376
115.166669	141.282501
115.250002	20.621468
115.333335	127.999161
115.416669	147.039642
115.500002	38.423878
115.583335	2.232120
115.666669	0.000000
115.750002	0.000000
115.833335	37.536312
115.916669	170.068451
116.000002	83.400543
116.083335	52.960953
116.166669	260.627106
116.250002	457.500763
116.333335	229.879486
116.416669	34.171192
116.500002	0.000000
116.583335	0.000000
116.666669	0.000000
116.750002	0.005987
116.833335	0.027307
116.916669	0.006689
117.000002	0.000300
117.083335	0.000000
117.166669	0.000000
117.250002	0.000000
117.333335	0.000002
117.416669	0.000001
117.500002	0.000000
117.583335	0.000000
117.666669	0.000000
117.750002	0.000000
117.833335	0.000000
117.916669	0.000000
118.000002	0.000000
118.083335	0.000000
118.166669	0.000000
118.250002	0.000000
118.333335	0.000000
118.416669	0.000000
118.500002	0.000000
118.583335	0.000000
118.666669	0.000000
118.750002	0.000000
118.833335	0.000000
118.916669	0.000000
119.000002	0.000000
119.083335	0.000000
119.166669	0.000000
119.250002	0.000000
119.333335	0.000000
119.416669	0.000000
119.500002	0.000000
119.583335	0.000000
119.666669	0.000000
119.750002	0.000000
119.833335	0.000000
119.916669	0.000000
120.000002	0.000000
120.083335	0.000000
120.166669	0.000000
120.250002	0.000000
120.333335	0.000000
120.416669	0.000000
120.500002	0.000000
120.583335	0.000000
120.666669	0.000000
120.750002	0.000000
120.833335	0.000000
120.916669	0.000000
121.000002	0.000000
121.083335	0.000000
121.166669	0.000000
121.250002	0.000000
121.333335	0.000000
121.416669	0.000000
121.500002	0.000000
121.583335	0.000000
121.666669	0.000000
121.750002	0.000000
121.833335	0.000000
121.916669	0.000000
122.000002	0.000000
122.083335	0.000000
122.166669	0.000000
122.250002	0.000000
122.333335	0.000000
122.416669	0.000000
122.500002	0.000000
122.583335	0.000000
122.666669	0.000000
122.750002	0.000000
122.833336	0.000000
122.916669	0.000000
123.000002	0.000000
123.083336	0.000000
123.166669	0.000000
123.250002	0.000000
123.333336	0.000000
123.416669	0.000000
123.500002	0.000000
123.583336	0.000000
123.666669	0.000000
123.750002	0.000000
123.833336	0.000000
123.916669	0.000000
124.000002	0.000000
124.083336	0.000000
124.166669	0.000000
124.250002	0.000000
124.333336	0.000000
124.416669	0.000000
124.500002	0.000000
124.583336	0.000000
124.666669	0.000000
124.750002	0.000000
124.833336	0.000000
124.916669	0.000000
125.000002	0.000000
125.083336	0.000000
125.166669	0.000000
125.250002	0.000000
125.333336	0.000000
125.416669	0.000000
125.500002	0.000000
125.583336	0.000000
125.666669	0.000000
125.750002	0.000000
125.833336	0.000000
125.916669	0.000000
126.000002	0.000000
126.083336	0.000000
126.166669	0.000000
126.250002	0.000000
126.333336	0.000000
126.416669	0.000000
126.500002	0.000000
126.583336	0.000000
126.666669	0.000000
126.750002	0.000000
126.833336	0.000000
126.916669	3.743684
127.000002	205.430817
127.083336	196.877930
127.166669	57.280777
127.250002	219.588165
127.333336	246.378036
127.416669	65.152016
127.500002	3.937300
127.583336	0.000000
127.666669	0.000000
127.750002	0.000000
127.833336	0.020148
127.916669	0.009576
128.000002	0.001411
128.083336	0.000000
128.166669	0.000000
128.250002	0.000000
128.333336	0.000000
128.416669	0.000001
128.500002	0.000000
128.583336	0.000000
128.666669	0.000000
128.750002	0.000000
128.833336	0.000000
128.916669	0.000000
129.000002	0.000000
129.083336	0.000000
129.166669	0.000000
129.250002	0.000000
129.333336	0.000000
129.416669	0.000000
129.500002	0.000000
129.583336	0.000000
129.666669	0.000000
129.750002	0.000000
129.833336	0.000000
129.916669	0.000000
130.000002	33.151600
130.083336	116.817924
130.166669	57.102448
130.250002	8.977117
130.333336	0.000000
130.416669	0.000000
130.500002	0.000000
130.583336	0.000000
130.666669	0.006627
130.750002	0.001703
130.833336	0.000000
130.916669	93.737434
131.000002	154.933945
131.083336	50.446686
131.166669	4.904912
131.250002	0.000000
131.333336	0.000000
131.416669	0.000000
131.500002	0.009641
131.583336	0.006822
131.666669	0.001249
131.750002	0.000000
131.833336	0.000000
131.916669	0.000000
132.000002	0.000000
132.083336	0.000001
132.166669	0.000000
132.250002	0.000000
132.333336	0.000000
132.416669	0.000000
132.500002	0.000000
132.583336	0.000000
132.666669	0.000000
132.750002	0.000000
132.833336	0.000000
132.916669	0.000000
133.000002	7.379703
133.083336	93.549744
133.166669	59.789177
133.250002	11.292378
133.333336	0.000000
133.416669	0.000000
133.500002	0.000000
133.583336	0.000000
133.666669	0.006334
133.750002	0.001943
133.833336	0.000170
133.916669	0.000000
134.000003	0.000000
134.083336	0.000000
134.166669	0.000000
134.250003	0.000000
134.333336	0.000000
134.416669	0.000000
134.500003	0.000000
134.583336	0.000000
134.666669	0.000000
134.750003	0.000000
134.833336	0.000000
134.916669	0.000000
135.000003	0.000000
135.083336	0.000000
135.166669	0.000000
135.250003	0.000000
135.333336	0.000000
135.416669	0.000000
135.500003	0.000000
135.583336	0.000000
135.666669	0.000000
135.750003	0.000000
135.833336	0.000000
135.916669	0.000000
136.000003	0.000000
136.083336	0.000000
136.166669	0.000000
136.250003	0.000000
136.333336	0.000000
136.416669	0.000000
136.500003	0.000000
136.583336	0.000000
136.666669	0.000000
136.750003	0.000000
136.833336	0.000000
136.916669	0.000000
137.000003	0.000000
137.083336	0.000000
137.166669	0.000000
137.250003	0.000000
137.333336	0.000000
137.416669	0.000000
137.500003	0.000000
137.583336	0.000000
137.666669	0.000000
137.750003	0.000000
137.833336	0.000000
137.916669	0.000000
138.000003	0.000000
138.083336	0.000000
138.166669	0.000000
138.250003	0.000000
138.333336	0.000000
138.416669	0.000000
138.500003	0.000000
138.583336	0.000000
138.666669	0.000000
138.750003	0.000000
138.833336	0.000000
138.916669	0.000000
139.000003	0.000000
139.083336	0.000000
139.166669	0.000000
139.250003	0.000000
139.333336	0.000000
139.416669	0.000000
139.500003	0.000000
139.583336	0.000000
139.666669	0.000000
139.750003	0.000000
139.833336	0.000000
139.916669	0.000000
140.000003	0.000000
140.083336	29.504467
140.166669	213.697098
140.250003	146.448624
140.333336	201.099609
140.416669	416.534180
140.500003	447.470032
140.583336	391.979401
140.666669	819.457336
140.750003	1768.825928
140.833336	2562.121826
140.916669	4245.996582
141.000003	6366.187500
141.083336	5333.527832
141.166669	4888.124512
141.250003	3046.758545
141.333336	1298.486450
141.416669	477.067413
141.500003	62.614841
141.583336	0.000000
141.666669	160.126450
141.750003	395.197876
141.833336	234.360092
141.916669	49.228958
142.000003	0.356968
142.083336	140.446472
142.166669	431.384918
142.250003	506.882507
142.333336	547.376526
142.416669	551.186218
142.500003	985.651489
142.583336	1729.744263
142.666669	2703.512207
142.750003	4428.513184
142.833336	7010.135254
142.916669	15031.405273
143.000003	29105.892578
143.083336	39426.726563
143.166669	42432.691406
143.250003	33026.410156
143.333336	18065.794922
143.416669	9867.256836
143.500003	6253.995605
143.583336	6301.076172
143.666669	9206.834961
143.750003	13959.404297
143.833336	21712.460938
143.916669	38861.285156
144.000003	72934.695313
144.083336	114951.000000
144.166669	149235.375000
144.250003	136145.656250
144.333336	97270.554688
144.416669	51064.550781
144.500003	17144.009766
144.583336	4695.070313
144.666669	1837.108643
144.750003	2005.743408
144.833336	3695.783203
144.916669	5770.500000
145.000003	7966.380859
145.083336	8783.222656
145.166670	10576.849609
145.250003	9053.352539
145.333336	4698.015625
145.416670	1852.418091
145.500003	364.193848
145.583336	0.000000
145.666670	0.000000
145.750003	0.000000
145.833336	0.000000
145.916670	22.412636
146.000003	153.708527
146.083336	253.552277
146.166670	450.878418
146.250003	323.439240
146.333336	132.821518
146.416670	75.748436
146.500003	15.403171
146.583336	0.024033
146.666670	0.000000
146.750003	0.000000
146.833336	0.000000
146.916670	0.007675
147.000003	6.698087
147.083336	141.634186
147.166670	260.286072
147.250003	84.690201
147.333336	7.328992
147.416670	0.000000
147.500003	0.000000
147.583336	0.000000
147.666670	0.019093
147.750003	0.011741
147.833336	0.002021
147.916670	0.000000
148.000003	0.000000
148.083336	0.000000
148.166670	0.000000
148.250003	0.000001
148.333336	0.000000
148.416670	0.000000
148.500003	0.000000
148.583336	0.000000
148.666670	0.000000
148.750003	0.000000
148.833336	0.000000
148.916670	0.000000
149.000003	0.000000
149.083336	0.000000
149.166670	0.000000
149.250003	0.000000
149.333336	0.000000
149.416670	0.000000
149.500003	0.000000
149.583336	0.000000
149.666670	0.000000
149.750003	0.000000
149.833336	0.000000
149.916670	68.461128
150.000003	136.597687
150.083336	49.488087
150.166670	5.609012
150.250003	0.000000
150.333336	0.000000
150.416670	0.000000
150.500003	0.006899
150.583336	0.006437
150.666670	0.001293
150.750003	0.000000
150.833336	0.000000
150.916670	0.000000
151.000003	0.000000
151.083336	160.960159
151.166670	139.897354
151.250003	28.722654
151.333336	0.115392
151.416670	0.000000
151.500003	0.000000
151.583336	0.000000
151.666670	0.014084
151.750003	0.004740
151.833336	0.000485
151.916670	0.000000
152.000003	0.000000
152.083336	0.000000
152.166670	0.000001
152.250003	0.000001
152.333336	0.000000
152.416670	0.000000
152.500003	0.000000
152.583336	0.000000
152.666670	0.000000
152.750003	0.000000
152.833336	0.000000
152.916670	0.000000
153.000003	0.000000
153.083336	63.349312
153.166670	161.742157
153.250003	53.021523
153.333336	4.299633
153.416670	0.000000
153.500003	0.000000
153.583336	0.000000
153.666670	0.012880
153.750003	0.007443
153.833336	0.001241
153.916670	0.000000
154.000003	0.000000
154.083336	0.000000
154.166670	0.000000
154.250003	0.000001
154.333336	0.000000
154.416670	0.000000
154.500003	0.000000
154.583336	0.000000
154.666670	0.000000
154.750003	52.474926
154.833336	78.146301
154.916670	20.701115
155.000003	1.258085
155.083336	0.000000
155.166670	0.000000
155.250003	0.000000
155.333336	0.006379
155.416670	0.003040
155.500003	0.000449
155.583336	0.000000
155.666670	0.000000
155.750003	0.000000
155.833336	0.000000
155.916670	0.000000
156.000003	0.000000
156.083336	0.000000
156.166670	0.000000
156.250003	0.000000
156.333337	0.000000
156.416670	0.000000
156.500003	0.000000
156.583337	0.000000
156.666670	0.000000
156.750003	0.000000
156.833337	0.000000
156.916670	0.000000
157.000003	0.000000
157.083337	0.000000
157.166670	0.000000
157.250003	0.000000
157.333337	0.000000
157.416670	0.000000
157.500003	0.000000
157.583337	0.000000
157.666670	0.000000
157.750003	0.000000
157.833337	0.000000
157.916670	13.260755
158.000003	130.399826
158.083337	79.686455
158.166670	14.549044
158.250003	0.000000
158.333337	0.000000
158.416670	0.000000
158.500003	0.000000
158.583337	0.008602
158.666670	0.002547
158.750003	0.000207
158.833337	0.000000
158.916670	0.000000
159.000003	0.000000
159.083337	0.000001
159.166670	0.000000
159.250003	8.680522
159.333337	104.790001
159.416670	86.006378
159.500003	20.795532
159.583337	108.402733
159.666670	130.255920
159.750003	35.203991
159.833337	2.276150
159.916670	76.158234
160.000003	277.057373
160.083337	280.555450
160.166670	193.687378
160.250003	223.920029
160.333337	86.067917
160.416670	10.437887
160.500003	0.000000
160.583337	0.000000
160.666670	0.000000
160.750003	0.009806
160.833337	0.010977
160.916670	0.002306
161.000003	0.000022
161.083337	0.000000
161.166670	0.000000
161.250003	0.000000
161.333337	0.000001
161.416670	0.000000
161.500003	0.000000
161.583337	0.000000
161.666670	0.000000
161.750003	0.000000
161.833337	0.000000
161.916670	0.000000
162.000003	0.000000
162.083337	0.000000
162.166670	0.000000
162.250003	0.000000
162.333337	0.000000
162.416670	0.000000
162.500003	0.000000
162.583337	0.000000
162.666670	0.000000
162.750003	0.000000
162.833337	0.000000
162.916670	0.000000
163.000003	0.000000
163.083337	0.000000
163.166670	0.000000
163.250003	0.000000
163.333337	0.000000
163.416670	0.000000
163.500003	0.000000
163.583337	0.000000
163.666670	0.000000
163.750003	0.000000
163.833337	0.000000
163.916670	0.000000
164.000003	0.000000
164.083337	0.000000
164.166670	0.000000
164.250003	0.000000
164.333337	0.000000
164.416670	0.000000
164.500003	0.000000
164.583337	0.000000
164.666670	0.000000
164.750003	0.000000
164.833337	0.000000
164.916670	0.000000
165.000003	0.000000
165.083337	0.000000
165.166670	0.000000
165.250003	0.000000
165.333337	0.000000
165.416670	0.000000
165.500003	0.000000
165.583337	0.000000
165.666670	0.000000
165.750003	0.000000
165.833337	0.000000
165.916670	0.000000
166.000003	0.000000
166.083337	53.712673
166.166670	159.573013
166.250003	61.874321
166.333337	7.107247
166.416670	0.000000
166.500003	0.000000
166.583337	0.000000
166.666670	0.008323
166.750003	0.008018
166.833337	0.001624
166.916670	0.000001
167.000003	0.000000
167.083337	0.000000
167.166670	0.000000
167.250003	0.000001
167.333337	2.037894
167.416670	72.779510
167.500004	105.666634
167.583337	32.642944
167.666670	2.893450
167.750004	0.000000
167.833337	0.000000
167.916670	1.982555
168.000004	68.433693
168.083337	82.513321
168.166670	123.283264
168.250004	137.398438
168.333337	36.896679
168.416670	2.340022
168.500004	0.000000
168.583337	0.000000
168.666670	0.000000
168.750004	0.011056
168.833337	0.005388
168.916670	0.000808
169.000004	0.000000
169.083337	0.000000
169.166670	0.000000
169.250004	0.000000
169.333337	0.000001
169.416670	0.000000
169.500004	0.000000
169.583337	0.000000
169.666670	0.000000
169.750004	0.000000
169.833337	0.000000
169.916670	0.000000
170.000004	0.000000
170.083337	0.000000
170.166670	0.000000
170.250004	0.000000
170.333337	0.000000
170.416670	0.000000
170.500004	0.000000
170.583337	0.000000
170.666670	0.000000
170.750004	0.000000
170.833337	0.000000
170.916670	0.000000
171.000004	0.000000
171.083337	0.000000
171.166670	0.000000
171.250004	0.000000
171.333337	0.000000
171.416670	0.000000
171.500004	0.000000
171.583337	0.000000
171.666670	0.000000
171.750004	0.000000
171.833337	0.000000
171.916670	0.000000
172.000004	0.000000
172.083337	0.000000
172.166670	0.000000
172.250004	0.000000
172.333337	0.000000
172.416670	0.000000
172.500004	0.000000
172.583337	0.000000
172.666670	0.000000
172.750004	0.000000
172.833337	0.000000
172.916670	0.000000
173.000004	0.000000
173.083337	0.000000
173.166670	0.000000
173.250004	0.000000
173.333337	0.000000
173.416670	0.000000
173.500004	0.000000
173.583337	0.000000
173.666670	0.000000
173.750004	0.000000
173.833337	0.000000
173.916670	0.000000
174.000004	0.000000
174.083337	0.000000
174.166670	0.000000
174.250004	0.000000
174.333337	0.000000
174.416670	0.000000
174.500004	0.000000
174.583337	0.000000
174.666670	0.000000
174.750004	0.000000
174.833337	0.000000
174.916670	0.000000
175.000004	0.000000
175.083337	0.000000
175.166670	0.000000
175.250004	0.000000
175.333337	0.000000
175.416670	0.000000
175.500004	0.000000
175.583337	0.000000
175.666670	0.000000
175.750004	0.000000
175.833337	0.000000
175.916670	0.000000
176.000004	0.000000
176.083337	0.000000
176.166670	0.000000
176.250004	0.000000
176.333337	0.000000
176.416670	0.000000
176.500004	0.000000
176.583337	0.000000
176.666670	0.000000
176.750004	0.000000
176.833337	0.000000
176.916670	0.000000
177.000004	0.000000
177.083337	0.000000
177.166670	0.000000
177.250004	0.000000
177.333337	0.000000
177.416670	0.000000
177.500004	0.000000
177.583337	0.000000
177.666670	0.000000
177.750004	0.000000
177.833337	0.000000
177.916670	0.000000
178.000004	0.000000
178.083337	0.000000
178.166670	0.000000
178.250004	0.000000
178.333337	0.000000
178.416670	0.000000
178.500004	0.000000
178.583337	0.000000
178.666671	0.000000
178.750004	0.000000
178.833337	0.000000
178.916671	0.000000
179.000004	0.000000
179.083337	0.000000
179.166671	0.000000
179.250004	0.000000
179.333337	0.000000
179.416671	0.000000
179.500004	0.000000
179.583337	0.000000
179.666671	0.000000
179.750004	0.000000
179.833337	0.000000
179.916671	12.347880
180.000004	150.908981
180.083337	258.654510
180.166671	127.045052
180.250004	16.384813
180.333337	0.000000
180.416671	0.000000
180.500004	0.000000
180.583337	0.011337
180.666671	0.015890
180.750004	0.003486
180.833337	0.000070
180.916671	0.000000
181.000004	0.000000
181.083337	0.000000
181.166671	0.000002
181.250004	0.000001
181.333337	0.000000
181.416671	0.000000
181.500004	0.000000
181.583337	0.000000
181.666671	0.000000
181.750004	0.000000
181.833337	0.000000
181.916671	0.000000
182.000004	0.000000
182.083337	0.000000
182.166671	0.000000
182.250004	0.000000
182.333337	0.000000
182.416671	0.000000
182.500004	0.000000
182.583337	8.133872
182.666671	141.107986
182.750004	169.172485
182.833337	47.651573
182.916671	3.450783
183.000004	0.000000
183.083337	0.000000
183.166671	0.000000
183.250004	0.012903
183.333337	0.006821
183.416671	0.001080
183.500004	0.000000
183.583337	0.000000
183.666671	0.000000
183.750004	0.000000
183.833337	0.000001
183.916671	0.000000
184.000004	0.000000
184.083337	0.000000
184.166671	0.000000
184.250004	0.000000
184.333337	0.000000
184.416671	0.000000
184.500004	0.000000
184.583337	0.000000
184.666671	0.000000
184.750004	0.000000
184.833337	0.000000
184.916671	0.000000
185.000004	0.000000
185.083337	0.000000
185.166671	0.000000
185.250004	141.106705
185.333337	406.922699
185.416671	352.330383
185.500004	166.033173
185.583337	27.210108
185.666671	0.000000
185.750004	0.000000
185.833337	0.000000
185.916671	0.000000
186.000004	0.018914
186.083337	0.005045
186.166671	0.000313
186.250004	12.124404
186.333337	125.811295
186.416671	88.165993
186.500004	12.796838
186.583337	0.000000
186.666671	0.000000
186.750004	0.000000
186.833337	0.003289
186.916671	0.010572
187.000004	0.002539
187.083337	0.000103
187.166671	0.000000
187.250004	0.000000
187.333337	0.000000
187.416671	0.000001
187.500004	0.000000
187.583337	0.000000
187.666671	0.000000
187.750004	0.000000
187.833337	0.000000
187.916671	0.000000
188.000004	0.000000
188.083337	0.000000
188.166671	0.000000
188.250004	0.000000
188.333337	0.000000
188.416671	0.000000
188.500004	0.000000
188.583337	0.000000
188.666671	0.000000
188.750004	0.000000
188.833337	0.000000
188.916671	0.000000
189.000004	0.000000
189.083337	0.000000
189.166671	0.000000
189.250004	0.000000
189.333337	0.000000
189.416671	0.000000
189.500004	0.000000
189.583337	0.000000
189.666671	0.000000
189.750004	0.000000
189.833338	0.000000
189.916671	0.000000
190.000004	0.000000
190.083338	0.000000
190.166671	0.000000
190.250004	0.000000
190.333338	0.000000
190.416671	0.000000
190.500004	0.000000
190.583338	0.000000
190.666671	0.000000
190.750004	0.000000
190.833338	0.000000
190.916671	11.959251
191.000004	165.077301
191.083338	182.773407
191.166671	50.123821
191.250004	3.379914
191.333338	6.197728
191.416671	275.686859
191.500004	461.053680
191.583338	275.624847
191.666671	542.638184
191.750004	1238.275269
191.833338	1784.630859
191.916671	1694.308228
192.000004	1869.696167
192.083338	1737.781616
192.166671	1878.420044
192.250004	1963.644409
192.333338	3226.596191
192.416671	5784.256348
192.500004	8515.625000
192.583338	10107.679688
192.666671	11381.747070
192.750004	17388.308594
192.833338	28100.203125
192.916671	51138.335938
193.000004	67040.390625
193.083338	87748.000000
193.166671	97343.382813
193.250004	91699.398438
193.333338	73563.132813
193.416671	48193.304688
193.500004	36084.640625
193.583338	36892.355469
193.666671	54635.898438
193.750004	94286.804688
193.833338	168514.671875
193.916671	309242.312500
194.000004	420841.593750
194.083338	520518.250000
194.166671	447339.156250
194.250004	256224.750000
194.333338	108439.257813
194.416671	31729.595703
194.500004	6143.393066
194.583338	1999.502930
194.666671	3478.873047
194.750004	6469.637207
194.833338	10084.631836
194.916671	13213.194336
195.000004	14637.675781
195.083338	15305.274414
195.166671	16041.305664
195.250004	13935.106445
195.333338	8926.510742
195.416671	3458.841553
195.500004	879.690247
195.583338	140.514313
195.666671	0.000000
195.750004	0.000000
195.833338	0.000000
195.916671	7.782694
196.000004	151.221725
196.083338	365.182434
196.166671	586.672180
196.250004	479.118500
196.333338	143.772690
196.416671	179.916290
196.500004	126.548615
196.583338	20.801443
196.666671	0.000000
196.750004	0.000000
196.833338	0.000000
196.916671	3.573429
197.000004	219.197113
197.083338	222.158508
197.166671	52.944870
197.250004	2.062796
197.333338	3.320471
197.416671	236.834442
197.500004	227.073471
197.583338	50.476501
197.666671	1.175496
197.750004	0.000000
197.833338	67.871155
197.916671	220.913406
198.000004	107.816513
198.083338	17.175556
198.166671	0.000000
198.250004	0.000000
198.333338	80.918999
198.416671	87.504120
198.500004	34.036892
198.583338	184.631622
198.666671	128.564590
198.750004	20.565920
198.833338	41.164001
198.916671	194.587677
199.000004	128.973846
199.083338	143.972427
199.166671	558.888916
199.250004	582.936218
199.333338	321.786102
199.416671	113.408104
199.500004	150.203751
199.583338	117.965141
199.666671	27.659342
199.750004	214.725250
199.833338	360.855042
199.916671	110.570145
200.000004	9.114237
200.083338	0.000000
200.166671	0.000000
200.250004	0.000000
200.333338	0.026387
200.416671	0.015474
200.500004	0.002600
200.583338	0.000000
200.666671	0.000000
200.750004	0.000000
200.833338	0.000000
200.916671	0.000002
201.000005	0.000000
201.083338	0.000000
201.166671	0.000000
201.250005	0.000000
201.333338	0.000000
201.416671	0.000000
201.500005	0.000000
201.583338	0.000000
201.666671	0.000000
201.750005	0.000000
201.833338	0.000000
201.916671	0.000000
202.000005	0.000000
202.083338	0.000000
202.166671	0.000000
202.250005	0.000000
202.333338	0.000000
202.416671	0.000000
202.500005	0.000000
202.583338	0.000000
202.666671	0.000000
202.750005	0.000000
202.833338	0.000000
202.916671	0.000000
203.000005	0.000000
203.083338	0.000000
203.166671	0.000000
203.250005	0.000000
203.333338	0.000000
203.416671	0.000000
203.500005	0.000000
203.583338	0.000000
203.666671	0.000000
203.750005	0.000000
203.833338	0.000000
203.916671	0.000000
204.000005	0.000000
204.083338	0.000000
204.166671	0.000000
204.250005	0.000000
204.333338	0.000000
204.416671	0.000000
204.500005	0.000000
204.583338	0.000000
204.666671	0.000000
204.750005	0.000000
204.833338	0.000000
204.916671	0.000000
205.000005	0.000000
